solid ImplictCADExport
facet normal NaN NaN NaN
outer loop
vertex 8.643861e1 1.22873085e2 -1.1920929e-7
vertex 8.742725e1 1.22873085e2 -1.1920929e-7
vertex 8.693293e1 1.22873085e2 -1.1920929e-7
endloop
endfacet
facet normal NaN NaN NaN
outer loop
vertex 8.742725e1 1.22873085e2 -1.1920929e-7
vertex 8.643861e1 1.22873085e2 -1.1920929e-7
vertex 8.693293e1 1.22873085e2 -1.1920929e-7
endloop
endfacet
facet normal NaN NaN NaN
outer loop
vertex 8.742725e1 1.22873085e2 -1.1920929e-7
vertex 8.841589e1 1.22873085e2 -1.1920929e-7
vertex 8.792157e1 1.22873085e2 -1.1920929e-7
endloop
endfacet
facet normal NaN NaN NaN
outer loop
vertex 8.841589e1 1.22873085e2 -1.1920929e-7
vertex 8.742725e1 1.22873085e2 -1.1920929e-7
vertex 8.792157e1 1.22873085e2 -1.1920929e-7
endloop
endfacet
facet normal NaN NaN NaN
outer loop
vertex 8.841589e1 1.22873085e2 -1.1920929e-7
vertex 8.940453e1 1.22873085e2 -1.1920929e-7
vertex 8.891022e1 1.22873085e2 -1.1920929e-7
endloop
endfacet
facet normal NaN NaN NaN
outer loop
vertex 8.940453e1 1.22873085e2 -1.1920929e-7
vertex 8.841589e1 1.22873085e2 -1.1920929e-7
vertex 8.891022e1 1.22873085e2 -1.1920929e-7
endloop
endfacet
facet normal NaN NaN NaN
outer loop
vertex 8.940453e1 1.22873085e2 -1.1920929e-7
vertex 9.039317e1 1.22873085e2 -1.1920929e-7
vertex 8.989885e1 1.22873085e2 -1.1920929e-7
endloop
endfacet
facet normal NaN NaN NaN
outer loop
vertex 9.039317e1 1.22873085e2 -1.1920929e-7
vertex 8.940453e1 1.22873085e2 -1.1920929e-7
vertex 8.989885e1 1.22873085e2 -1.1920929e-7
endloop
endfacet
facet normal NaN NaN NaN
outer loop
vertex 9.039317e1 1.22873085e2 -1.1920929e-7
vertex 9.138181e1 1.22873085e2 -1.1920929e-7
vertex 9.08875e1 1.22873085e2 -1.1920929e-7
endloop
endfacet
facet normal NaN NaN NaN
outer loop
vertex 9.138181e1 1.22873085e2 -1.1920929e-7
vertex 9.039317e1 1.22873085e2 -1.1920929e-7
vertex 9.08875e1 1.22873085e2 -1.1920929e-7
endloop
endfacet
facet normal NaN NaN NaN
outer loop
vertex 9.138181e1 1.22873085e2 -1.1920929e-7
vertex 9.237045e1 1.22873085e2 -1.1920929e-7
vertex 9.187613e1 1.22873085e2 -1.1920929e-7
endloop
endfacet
facet normal NaN NaN NaN
outer loop
vertex 9.237045e1 1.22873085e2 -1.1920929e-7
vertex 9.138181e1 1.22873085e2 -1.1920929e-7
vertex 9.187613e1 1.22873085e2 -1.1920929e-7
endloop
endfacet
facet normal NaN NaN NaN
outer loop
vertex 9.237045e1 1.22873085e2 -1.1920929e-7
vertex 9.335909e1 1.22873085e2 -1.1920929e-7
vertex 9.286478e1 1.22873085e2 -1.1920929e-7
endloop
endfacet
facet normal NaN NaN NaN
outer loop
vertex 9.335909e1 1.22873085e2 -1.1920929e-7
vertex 9.237045e1 1.22873085e2 -1.1920929e-7
vertex 9.286478e1 1.22873085e2 -1.1920929e-7
endloop
endfacet
facet normal NaN NaN NaN
outer loop
vertex 9.335909e1 1.22873085e2 -1.1920929e-7
vertex 9.434773e1 1.22873085e2 -1.1920929e-7
vertex 9.385341e1 1.22873085e2 -1.1920929e-7
endloop
endfacet
facet normal NaN NaN NaN
outer loop
vertex 9.434773e1 1.22873085e2 -1.1920929e-7
vertex 9.335909e1 1.22873085e2 -1.1920929e-7
vertex 9.385341e1 1.22873085e2 -1.1920929e-7
endloop
endfacet
facet normal NaN NaN NaN
outer loop
vertex 9.434773e1 1.22873085e2 -1.1920929e-7
vertex 9.533637e1 1.22873085e2 -1.1920929e-7
vertex 9.484206e1 1.22873085e2 -1.1920929e-7
endloop
endfacet
facet normal NaN NaN NaN
outer loop
vertex 9.533637e1 1.22873085e2 -1.1920929e-7
vertex 9.434773e1 1.22873085e2 -1.1920929e-7
vertex 9.484206e1 1.22873085e2 -1.1920929e-7
endloop
endfacet
facet normal NaN NaN NaN
outer loop
vertex 9.533637e1 1.22873085e2 -1.1920929e-7
vertex 9.632501e1 1.22873085e2 -1.1920929e-7
vertex 9.583069e1 1.22873085e2 -1.1920929e-7
endloop
endfacet
facet normal NaN NaN NaN
outer loop
vertex 9.632501e1 1.22873085e2 -1.1920929e-7
vertex 9.533637e1 1.22873085e2 -1.1920929e-7
vertex 9.583069e1 1.22873085e2 -1.1920929e-7
endloop
endfacet
facet normal NaN NaN NaN
outer loop
vertex 9.632501e1 1.22873085e2 -1.1920929e-7
vertex 9.731366e1 1.22873085e2 -1.1920929e-7
vertex 9.6819336e1 1.22873085e2 -1.1920929e-7
endloop
endfacet
facet normal NaN NaN NaN
outer loop
vertex 9.731366e1 1.22873085e2 -1.1920929e-7
vertex 9.632501e1 1.22873085e2 -1.1920929e-7
vertex 9.6819336e1 1.22873085e2 -1.1920929e-7
endloop
endfacet
facet normal NaN NaN NaN
outer loop
vertex 9.731366e1 1.22873085e2 -1.1920929e-7
vertex 9.83023e1 1.22873085e2 -1.1920929e-7
vertex 9.780798e1 1.22873085e2 -1.1920929e-7
endloop
endfacet
facet normal NaN NaN NaN
outer loop
vertex 9.83023e1 1.22873085e2 -1.1920929e-7
vertex 9.731366e1 1.22873085e2 -1.1920929e-7
vertex 9.780798e1 1.22873085e2 -1.1920929e-7
endloop
endfacet
facet normal NaN NaN NaN
outer loop
vertex 9.83023e1 1.22873085e2 -1.1920929e-7
vertex 9.929094e1 1.22873085e2 -1.1920929e-7
vertex 9.8796616e1 1.22873085e2 -1.1920929e-7
endloop
endfacet
facet normal NaN NaN NaN
outer loop
vertex 9.929094e1 1.22873085e2 -1.1920929e-7
vertex 9.83023e1 1.22873085e2 -1.1920929e-7
vertex 9.8796616e1 1.22873085e2 -1.1920929e-7
endloop
endfacet
facet normal NaN NaN NaN
outer loop
vertex 9.929094e1 1.22873085e2 -1.1920929e-7
vertex 1.0027958e2 1.22873085e2 -1.1920929e-7
vertex 9.978526e1 1.22873085e2 -1.1920929e-7
endloop
endfacet
facet normal NaN NaN NaN
outer loop
vertex 1.0027958e2 1.22873085e2 -1.1920929e-7
vertex 9.929094e1 1.22873085e2 -1.1920929e-7
vertex 9.978526e1 1.22873085e2 -1.1920929e-7
endloop
endfacet
facet normal NaN NaN NaN
outer loop
vertex 1.0027958e2 1.22873085e2 -1.1920929e-7
vertex 1.0126822e2 1.22873085e2 -1.1920929e-7
vertex 1.00773895e2 1.22873085e2 -1.1920929e-7
endloop
endfacet
facet normal NaN NaN NaN
outer loop
vertex 1.0126822e2 1.22873085e2 -1.1920929e-7
vertex 1.0027958e2 1.22873085e2 -1.1920929e-7
vertex 1.00773895e2 1.22873085e2 -1.1920929e-7
endloop
endfacet
facet normal NaN NaN NaN
outer loop
vertex 1.0126822e2 1.22873085e2 -1.1920929e-7
vertex 1.0225686e2 1.22873085e2 -1.1920929e-7
vertex 1.0176254e2 1.22873085e2 -1.1920929e-7
endloop
endfacet
facet normal NaN NaN NaN
outer loop
vertex 1.0225686e2 1.22873085e2 -1.1920929e-7
vertex 1.0126822e2 1.22873085e2 -1.1920929e-7
vertex 1.0176254e2 1.22873085e2 -1.1920929e-7
endloop
endfacet
facet normal NaN NaN NaN
outer loop
vertex 1.0225686e2 1.22873085e2 -1.1920929e-7
vertex 1.032455e2 1.22873085e2 -1.1920929e-7
vertex 1.02751175e2 1.22873085e2 -1.1920929e-7
endloop
endfacet
facet normal NaN NaN NaN
outer loop
vertex 1.032455e2 1.22873085e2 -1.1920929e-7
vertex 1.0225686e2 1.22873085e2 -1.1920929e-7
vertex 1.02751175e2 1.22873085e2 -1.1920929e-7
endloop
endfacet
facet normal NaN NaN NaN
outer loop
vertex 1.032455e2 1.22873085e2 -1.1920929e-7
vertex 1.04234146e2 1.22873085e2 -1.1920929e-7
vertex 1.0373982e2 1.22873085e2 -1.1920929e-7
endloop
endfacet
facet normal NaN NaN NaN
outer loop
vertex 1.04234146e2 1.22873085e2 -1.1920929e-7
vertex 1.032455e2 1.22873085e2 -1.1920929e-7
vertex 1.0373982e2 1.22873085e2 -1.1920929e-7
endloop
endfacet
facet normal NaN NaN NaN
outer loop
vertex 1.04234146e2 1.22873085e2 -1.1920929e-7
vertex 1.0522278e2 1.22873085e2 -1.1920929e-7
vertex 1.0472846e2 1.22873085e2 -1.1920929e-7
endloop
endfacet
facet normal NaN NaN NaN
outer loop
vertex 1.0522278e2 1.22873085e2 -1.1920929e-7
vertex 1.04234146e2 1.22873085e2 -1.1920929e-7
vertex 1.0472846e2 1.22873085e2 -1.1920929e-7
endloop
endfacet
facet normal NaN NaN NaN
outer loop
vertex 1.0522278e2 1.22873085e2 -1.1920929e-7
vertex 1.06211426e2 1.22873085e2 -1.1920929e-7
vertex 1.057171e2 1.22873085e2 -1.1920929e-7
endloop
endfacet
facet normal NaN NaN NaN
outer loop
vertex 1.06211426e2 1.22873085e2 -1.1920929e-7
vertex 1.0522278e2 1.22873085e2 -1.1920929e-7
vertex 1.057171e2 1.22873085e2 -1.1920929e-7
endloop
endfacet
facet normal NaN NaN NaN
outer loop
vertex 1.06211426e2 1.22873085e2 -1.1920929e-7
vertex 1.07200066e2 1.22873085e2 -1.1920929e-7
vertex 1.0670575e2 1.22873085e2 -1.1920929e-7
endloop
endfacet
facet normal NaN NaN NaN
outer loop
vertex 1.07200066e2 1.22873085e2 -1.1920929e-7
vertex 1.06211426e2 1.22873085e2 -1.1920929e-7
vertex 1.0670575e2 1.22873085e2 -1.1920929e-7
endloop
endfacet
facet normal NaN NaN NaN
outer loop
vertex 1.07200066e2 1.22873085e2 -1.1920929e-7
vertex 1.08188705e2 1.22873085e2 -1.1920929e-7
vertex 1.0769438e2 1.22873085e2 -1.1920929e-7
endloop
endfacet
facet normal NaN NaN NaN
outer loop
vertex 1.08188705e2 1.22873085e2 -1.1920929e-7
vertex 1.07200066e2 1.22873085e2 -1.1920929e-7
vertex 1.0769438e2 1.22873085e2 -1.1920929e-7
endloop
endfacet
facet normal NaN NaN NaN
outer loop
vertex 1.08188705e2 1.22873085e2 -1.1920929e-7
vertex 1.09177345e2 1.22873085e2 -1.1920929e-7
vertex 1.0868303e2 1.22873085e2 -1.1920929e-7
endloop
endfacet
facet normal NaN NaN NaN
outer loop
vertex 1.09177345e2 1.22873085e2 -1.1920929e-7
vertex 1.08188705e2 1.22873085e2 -1.1920929e-7
vertex 1.0868303e2 1.22873085e2 -1.1920929e-7
endloop
endfacet
facet normal NaN NaN NaN
outer loop
vertex 1.09177345e2 1.22873085e2 -1.1920929e-7
vertex 1.10165985e2 1.22873085e2 -1.1920929e-7
vertex 1.0967166e2 1.22873085e2 -1.1920929e-7
endloop
endfacet
facet normal NaN NaN NaN
outer loop
vertex 1.10165985e2 1.22873085e2 -1.1920929e-7
vertex 1.09177345e2 1.22873085e2 -1.1920929e-7
vertex 1.0967166e2 1.22873085e2 -1.1920929e-7
endloop
endfacet
facet normal NaN NaN NaN
outer loop
vertex 1.10165985e2 1.22873085e2 -1.1920929e-7
vertex 1.11154625e2 1.22873085e2 -1.1920929e-7
vertex 1.1066031e2 1.22873085e2 -1.1920929e-7
endloop
endfacet
facet normal NaN NaN NaN
outer loop
vertex 1.11154625e2 1.22873085e2 -1.1920929e-7
vertex 1.10165985e2 1.22873085e2 -1.1920929e-7
vertex 1.1066031e2 1.22873085e2 -1.1920929e-7
endloop
endfacet
facet normal NaN NaN NaN
outer loop
vertex 1.11154625e2 1.22873085e2 -1.1920929e-7
vertex 1.12143265e2 1.22873085e2 -1.1920929e-7
vertex 1.1164894e2 1.22873085e2 -1.1920929e-7
endloop
endfacet
facet normal NaN NaN NaN
outer loop
vertex 1.12143265e2 1.22873085e2 -1.1920929e-7
vertex 1.11154625e2 1.22873085e2 -1.1920929e-7
vertex 1.1164894e2 1.22873085e2 -1.1920929e-7
endloop
endfacet
facet normal NaN NaN NaN
outer loop
vertex 1.12143265e2 1.22873085e2 -1.1920929e-7
vertex 1.1313191e2 1.22873085e2 -1.1920929e-7
vertex 1.1263759e2 1.22873085e2 -1.1920929e-7
endloop
endfacet
facet normal NaN NaN NaN
outer loop
vertex 1.1313191e2 1.22873085e2 -1.1920929e-7
vertex 1.12143265e2 1.22873085e2 -1.1920929e-7
vertex 1.1263759e2 1.22873085e2 -1.1920929e-7
endloop
endfacet
facet normal NaN NaN NaN
outer loop
vertex 1.1313191e2 1.22873085e2 -1.1920929e-7
vertex 1.14120544e2 1.22873085e2 -1.1920929e-7
vertex 1.1362623e2 1.22873085e2 -1.1920929e-7
endloop
endfacet
facet normal NaN NaN NaN
outer loop
vertex 1.14120544e2 1.22873085e2 -1.1920929e-7
vertex 1.1313191e2 1.22873085e2 -1.1920929e-7
vertex 1.1362623e2 1.22873085e2 -1.1920929e-7
endloop
endfacet
facet normal NaN NaN NaN
outer loop
vertex 1.14120544e2 1.22873085e2 -1.1920929e-7
vertex 1.1510919e2 1.22873085e2 -1.1920929e-7
vertex 1.1461487e2 1.22873085e2 -1.1920929e-7
endloop
endfacet
facet normal NaN NaN NaN
outer loop
vertex 1.1510919e2 1.22873085e2 -1.1920929e-7
vertex 1.14120544e2 1.22873085e2 -1.1920929e-7
vertex 1.1461487e2 1.22873085e2 -1.1920929e-7
endloop
endfacet
facet normal NaN NaN NaN
outer loop
vertex 8.643861e1 1.2384677e2 -1.1920929e-7
vertex 8.643861e1 1.22873085e2 -1.1920929e-7
vertex 8.643861e1 1.23359924e2 -1.1920929e-7
endloop
endfacet
facet normal NaN NaN NaN
outer loop
vertex 8.643861e1 1.22873085e2 -1.1920929e-7
vertex 8.643861e1 1.2384677e2 -1.1920929e-7
vertex 8.643861e1 1.23359924e2 -1.1920929e-7
endloop
endfacet
facet normal NaN NaN NaN
outer loop
vertex 1.1510919e2 1.22873085e2 -1.1920929e-7
vertex 1.1510919e2 1.2384677e2 -1.1920929e-7
vertex 1.1510919e2 1.23359924e2 -1.1920929e-7
endloop
endfacet
facet normal NaN NaN NaN
outer loop
vertex 1.1510919e2 1.2384677e2 -1.1920929e-7
vertex 1.1510919e2 1.22873085e2 -1.1920929e-7
vertex 1.1510919e2 1.23359924e2 -1.1920929e-7
endloop
endfacet
facet normal NaN NaN NaN
outer loop
vertex 8.643861e1 1.2482046e2 -1.1920929e-7
vertex 8.643861e1 1.2384677e2 -1.1920929e-7
vertex 8.643861e1 1.2433362e2 -1.1920929e-7
endloop
endfacet
facet normal NaN NaN NaN
outer loop
vertex 8.643861e1 1.2384677e2 -1.1920929e-7
vertex 8.643861e1 1.2482046e2 -1.1920929e-7
vertex 8.643861e1 1.2433362e2 -1.1920929e-7
endloop
endfacet
facet normal NaN NaN NaN
outer loop
vertex 1.1510919e2 1.2384677e2 -1.1920929e-7
vertex 1.1510919e2 1.2482046e2 -1.1920929e-7
vertex 1.1510919e2 1.2433362e2 -1.1920929e-7
endloop
endfacet
facet normal NaN NaN NaN
outer loop
vertex 1.1510919e2 1.2482046e2 -1.1920929e-7
vertex 1.1510919e2 1.2384677e2 -1.1920929e-7
vertex 1.1510919e2 1.2433362e2 -1.1920929e-7
endloop
endfacet
facet normal NaN NaN NaN
outer loop
vertex 8.643861e1 1.2579414e2 -1.1920929e-7
vertex 8.643861e1 1.2482046e2 -1.1920929e-7
vertex 8.643861e1 1.253073e2 -1.1920929e-7
endloop
endfacet
facet normal NaN NaN NaN
outer loop
vertex 8.643861e1 1.2482046e2 -1.1920929e-7
vertex 8.643861e1 1.2579414e2 -1.1920929e-7
vertex 8.643861e1 1.253073e2 -1.1920929e-7
endloop
endfacet
facet normal NaN NaN NaN
outer loop
vertex 1.1510919e2 1.2482046e2 -1.1920929e-7
vertex 1.1510919e2 1.2579414e2 -1.1920929e-7
vertex 1.1510919e2 1.253073e2 -1.1920929e-7
endloop
endfacet
facet normal NaN NaN NaN
outer loop
vertex 1.1510919e2 1.2579414e2 -1.1920929e-7
vertex 1.1510919e2 1.2482046e2 -1.1920929e-7
vertex 1.1510919e2 1.253073e2 -1.1920929e-7
endloop
endfacet
facet normal NaN NaN NaN
outer loop
vertex 8.643861e1 1.2676783e2 -1.1920929e-7
vertex 8.643861e1 1.2579414e2 -1.1920929e-7
vertex 8.643861e1 1.2628099e2 -1.1920929e-7
endloop
endfacet
facet normal NaN NaN NaN
outer loop
vertex 8.643861e1 1.2579414e2 -1.1920929e-7
vertex 8.643861e1 1.2676783e2 -1.1920929e-7
vertex 8.643861e1 1.2628099e2 -1.1920929e-7
endloop
endfacet
facet normal NaN NaN NaN
outer loop
vertex 1.1510919e2 1.2579414e2 -1.1920929e-7
vertex 1.1510919e2 1.2676783e2 -1.1920929e-7
vertex 1.1510919e2 1.2628099e2 -1.1920929e-7
endloop
endfacet
facet normal NaN NaN NaN
outer loop
vertex 1.1510919e2 1.2676783e2 -1.1920929e-7
vertex 1.1510919e2 1.2579414e2 -1.1920929e-7
vertex 1.1510919e2 1.2628099e2 -1.1920929e-7
endloop
endfacet
facet normal NaN NaN NaN
outer loop
vertex 8.643861e1 1.27741516e2 -1.1920929e-7
vertex 8.643861e1 1.2676783e2 -1.1920929e-7
vertex 8.643861e1 1.2725467e2 -1.1920929e-7
endloop
endfacet
facet normal NaN NaN NaN
outer loop
vertex 8.643861e1 1.2676783e2 -1.1920929e-7
vertex 8.643861e1 1.27741516e2 -1.1920929e-7
vertex 8.643861e1 1.2725467e2 -1.1920929e-7
endloop
endfacet
facet normal NaN NaN NaN
outer loop
vertex 1.1510919e2 1.2676783e2 -1.1920929e-7
vertex 1.1510919e2 1.27741516e2 -1.1920929e-7
vertex 1.1510919e2 1.2725467e2 -1.1920929e-7
endloop
endfacet
facet normal NaN NaN NaN
outer loop
vertex 1.1510919e2 1.27741516e2 -1.1920929e-7
vertex 1.1510919e2 1.2676783e2 -1.1920929e-7
vertex 1.1510919e2 1.2725467e2 -1.1920929e-7
endloop
endfacet
facet normal NaN NaN NaN
outer loop
vertex 8.643861e1 1.2871521e2 -1.1920929e-7
vertex 8.643861e1 1.27741516e2 -1.1920929e-7
vertex 8.643861e1 1.2822836e2 -1.1920929e-7
endloop
endfacet
facet normal NaN NaN NaN
outer loop
vertex 8.643861e1 1.27741516e2 -1.1920929e-7
vertex 8.643861e1 1.2871521e2 -1.1920929e-7
vertex 8.643861e1 1.2822836e2 -1.1920929e-7
endloop
endfacet
facet normal NaN NaN NaN
outer loop
vertex 1.1510919e2 1.27741516e2 -1.1920929e-7
vertex 1.1510919e2 1.2871521e2 -1.1920929e-7
vertex 1.1510919e2 1.2822836e2 -1.1920929e-7
endloop
endfacet
facet normal NaN NaN NaN
outer loop
vertex 1.1510919e2 1.2871521e2 -1.1920929e-7
vertex 1.1510919e2 1.27741516e2 -1.1920929e-7
vertex 1.1510919e2 1.2822836e2 -1.1920929e-7
endloop
endfacet
facet normal NaN NaN NaN
outer loop
vertex 8.643861e1 1.2968889e2 -1.1920929e-7
vertex 8.643861e1 1.2871521e2 -1.1920929e-7
vertex 8.643861e1 1.2920206e2 -1.1920929e-7
endloop
endfacet
facet normal NaN NaN NaN
outer loop
vertex 8.643861e1 1.2871521e2 -1.1920929e-7
vertex 8.643861e1 1.2968889e2 -1.1920929e-7
vertex 8.643861e1 1.2920206e2 -1.1920929e-7
endloop
endfacet
facet normal NaN NaN NaN
outer loop
vertex 1.1510919e2 1.2871521e2 -1.1920929e-7
vertex 1.1510919e2 1.2968889e2 -1.1920929e-7
vertex 1.1510919e2 1.2920206e2 -1.1920929e-7
endloop
endfacet
facet normal NaN NaN NaN
outer loop
vertex 1.1510919e2 1.2968889e2 -1.1920929e-7
vertex 1.1510919e2 1.2871521e2 -1.1920929e-7
vertex 1.1510919e2 1.2920206e2 -1.1920929e-7
endloop
endfacet
facet normal NaN NaN NaN
outer loop
vertex 8.742725e1 1.2968889e2 -1.1920929e-7
vertex 8.643861e1 1.2968889e2 -1.1920929e-7
vertex 8.693293e1 1.2968889e2 -1.1920929e-7
endloop
endfacet
facet normal NaN NaN NaN
outer loop
vertex 8.643861e1 1.2968889e2 -1.1920929e-7
vertex 8.742725e1 1.2968889e2 -1.1920929e-7
vertex 8.693293e1 1.2968889e2 -1.1920929e-7
endloop
endfacet
facet normal NaN NaN NaN
outer loop
vertex 8.841589e1 1.2968889e2 -1.1920929e-7
vertex 8.742725e1 1.2968889e2 -1.1920929e-7
vertex 8.792157e1 1.2968889e2 -1.1920929e-7
endloop
endfacet
facet normal NaN NaN NaN
outer loop
vertex 8.742725e1 1.2968889e2 -1.1920929e-7
vertex 8.841589e1 1.2968889e2 -1.1920929e-7
vertex 8.792157e1 1.2968889e2 -1.1920929e-7
endloop
endfacet
facet normal NaN NaN NaN
outer loop
vertex 8.940453e1 1.2968889e2 -1.1920929e-7
vertex 8.841589e1 1.2968889e2 -1.1920929e-7
vertex 8.891022e1 1.2968889e2 -1.1920929e-7
endloop
endfacet
facet normal NaN NaN NaN
outer loop
vertex 8.841589e1 1.2968889e2 -1.1920929e-7
vertex 8.940453e1 1.2968889e2 -1.1920929e-7
vertex 8.891022e1 1.2968889e2 -1.1920929e-7
endloop
endfacet
facet normal NaN NaN NaN
outer loop
vertex 9.039317e1 1.2968889e2 -1.1920929e-7
vertex 8.940453e1 1.2968889e2 -1.1920929e-7
vertex 8.989885e1 1.2968889e2 -1.1920929e-7
endloop
endfacet
facet normal NaN NaN NaN
outer loop
vertex 8.940453e1 1.2968889e2 -1.1920929e-7
vertex 9.039317e1 1.2968889e2 -1.1920929e-7
vertex 8.989885e1 1.2968889e2 -1.1920929e-7
endloop
endfacet
facet normal NaN NaN NaN
outer loop
vertex 9.138181e1 1.2968889e2 -1.1920929e-7
vertex 9.039317e1 1.2968889e2 -1.1920929e-7
vertex 9.08875e1 1.2968889e2 -1.1920929e-7
endloop
endfacet
facet normal NaN NaN NaN
outer loop
vertex 9.039317e1 1.2968889e2 -1.1920929e-7
vertex 9.138181e1 1.2968889e2 -1.1920929e-7
vertex 9.08875e1 1.2968889e2 -1.1920929e-7
endloop
endfacet
facet normal NaN NaN NaN
outer loop
vertex 9.237045e1 1.2968889e2 -1.1920929e-7
vertex 9.138181e1 1.2968889e2 -1.1920929e-7
vertex 9.187613e1 1.2968889e2 -1.1920929e-7
endloop
endfacet
facet normal NaN NaN NaN
outer loop
vertex 9.138181e1 1.2968889e2 -1.1920929e-7
vertex 9.237045e1 1.2968889e2 -1.1920929e-7
vertex 9.187613e1 1.2968889e2 -1.1920929e-7
endloop
endfacet
facet normal NaN NaN NaN
outer loop
vertex 9.335909e1 1.2968889e2 -1.1920929e-7
vertex 9.237045e1 1.2968889e2 -1.1920929e-7
vertex 9.286478e1 1.2968889e2 -1.1920929e-7
endloop
endfacet
facet normal NaN NaN NaN
outer loop
vertex 9.237045e1 1.2968889e2 -1.1920929e-7
vertex 9.335909e1 1.2968889e2 -1.1920929e-7
vertex 9.286478e1 1.2968889e2 -1.1920929e-7
endloop
endfacet
facet normal NaN NaN NaN
outer loop
vertex 9.434773e1 1.2968889e2 -1.1920929e-7
vertex 9.335909e1 1.2968889e2 -1.1920929e-7
vertex 9.385341e1 1.2968889e2 -1.1920929e-7
endloop
endfacet
facet normal NaN NaN NaN
outer loop
vertex 9.335909e1 1.2968889e2 -1.1920929e-7
vertex 9.434773e1 1.2968889e2 -1.1920929e-7
vertex 9.385341e1 1.2968889e2 -1.1920929e-7
endloop
endfacet
facet normal NaN NaN NaN
outer loop
vertex 9.533637e1 1.2968889e2 -1.1920929e-7
vertex 9.434773e1 1.2968889e2 -1.1920929e-7
vertex 9.484206e1 1.2968889e2 -1.1920929e-7
endloop
endfacet
facet normal NaN NaN NaN
outer loop
vertex 9.434773e1 1.2968889e2 -1.1920929e-7
vertex 9.533637e1 1.2968889e2 -1.1920929e-7
vertex 9.484206e1 1.2968889e2 -1.1920929e-7
endloop
endfacet
facet normal NaN NaN NaN
outer loop
vertex 9.632501e1 1.2968889e2 -1.1920929e-7
vertex 9.533637e1 1.2968889e2 -1.1920929e-7
vertex 9.583069e1 1.2968889e2 -1.1920929e-7
endloop
endfacet
facet normal NaN NaN NaN
outer loop
vertex 9.533637e1 1.2968889e2 -1.1920929e-7
vertex 9.632501e1 1.2968889e2 -1.1920929e-7
vertex 9.583069e1 1.2968889e2 -1.1920929e-7
endloop
endfacet
facet normal NaN NaN NaN
outer loop
vertex 9.731366e1 1.2968889e2 -1.1920929e-7
vertex 9.632501e1 1.2968889e2 -1.1920929e-7
vertex 9.6819336e1 1.2968889e2 -1.1920929e-7
endloop
endfacet
facet normal NaN NaN NaN
outer loop
vertex 9.632501e1 1.2968889e2 -1.1920929e-7
vertex 9.731366e1 1.2968889e2 -1.1920929e-7
vertex 9.6819336e1 1.2968889e2 -1.1920929e-7
endloop
endfacet
facet normal NaN NaN NaN
outer loop
vertex 9.83023e1 1.2968889e2 -1.1920929e-7
vertex 9.731366e1 1.2968889e2 -1.1920929e-7
vertex 9.780798e1 1.2968889e2 -1.1920929e-7
endloop
endfacet
facet normal NaN NaN NaN
outer loop
vertex 9.731366e1 1.2968889e2 -1.1920929e-7
vertex 9.83023e1 1.2968889e2 -1.1920929e-7
vertex 9.780798e1 1.2968889e2 -1.1920929e-7
endloop
endfacet
facet normal NaN NaN NaN
outer loop
vertex 9.929094e1 1.2968889e2 -1.1920929e-7
vertex 9.83023e1 1.2968889e2 -1.1920929e-7
vertex 9.8796616e1 1.2968889e2 -1.1920929e-7
endloop
endfacet
facet normal NaN NaN NaN
outer loop
vertex 9.83023e1 1.2968889e2 -1.1920929e-7
vertex 9.929094e1 1.2968889e2 -1.1920929e-7
vertex 9.8796616e1 1.2968889e2 -1.1920929e-7
endloop
endfacet
facet normal NaN NaN NaN
outer loop
vertex 1.0027958e2 1.2968889e2 -1.1920929e-7
vertex 9.929094e1 1.2968889e2 -1.1920929e-7
vertex 9.978526e1 1.2968889e2 -1.1920929e-7
endloop
endfacet
facet normal NaN NaN NaN
outer loop
vertex 9.929094e1 1.2968889e2 -1.1920929e-7
vertex 1.0027958e2 1.2968889e2 -1.1920929e-7
vertex 9.978526e1 1.2968889e2 -1.1920929e-7
endloop
endfacet
facet normal 0.0e0 -0.0e0 -1.0e0
outer loop
vertex 1.0126822e2 1.3066258e2 -1.1920929e-7
vertex 1.0126822e2 1.2968889e2 -1.1920929e-7
vertex 1.0027958e2 1.2968889e2 -1.1920929e-7
endloop
endfacet
facet normal 0.0e0 0.0e0 -1.0e0
outer loop
vertex 1.08188705e2 1.2968889e2 -1.1920929e-7
vertex 1.08188705e2 1.3066258e2 -1.1920929e-7
vertex 1.09177345e2 1.2968889e2 -1.1920929e-7
endloop
endfacet
facet normal NaN NaN NaN
outer loop
vertex 1.10165985e2 1.2968889e2 -1.1920929e-7
vertex 1.09177345e2 1.2968889e2 -1.1920929e-7
vertex 1.0967166e2 1.2968889e2 -1.1920929e-7
endloop
endfacet
facet normal NaN NaN NaN
outer loop
vertex 1.09177345e2 1.2968889e2 -1.1920929e-7
vertex 1.10165985e2 1.2968889e2 -1.1920929e-7
vertex 1.0967166e2 1.2968889e2 -1.1920929e-7
endloop
endfacet
facet normal NaN NaN NaN
outer loop
vertex 1.11154625e2 1.2968889e2 -1.1920929e-7
vertex 1.10165985e2 1.2968889e2 -1.1920929e-7
vertex 1.1066031e2 1.2968889e2 -1.1920929e-7
endloop
endfacet
facet normal NaN NaN NaN
outer loop
vertex 1.10165985e2 1.2968889e2 -1.1920929e-7
vertex 1.11154625e2 1.2968889e2 -1.1920929e-7
vertex 1.1066031e2 1.2968889e2 -1.1920929e-7
endloop
endfacet
facet normal NaN NaN NaN
outer loop
vertex 1.12143265e2 1.2968889e2 -1.1920929e-7
vertex 1.11154625e2 1.2968889e2 -1.1920929e-7
vertex 1.1164894e2 1.2968889e2 -1.1920929e-7
endloop
endfacet
facet normal NaN NaN NaN
outer loop
vertex 1.11154625e2 1.2968889e2 -1.1920929e-7
vertex 1.12143265e2 1.2968889e2 -1.1920929e-7
vertex 1.1164894e2 1.2968889e2 -1.1920929e-7
endloop
endfacet
facet normal NaN NaN NaN
outer loop
vertex 1.1313191e2 1.2968889e2 -1.1920929e-7
vertex 1.12143265e2 1.2968889e2 -1.1920929e-7
vertex 1.1263759e2 1.2968889e2 -1.1920929e-7
endloop
endfacet
facet normal NaN NaN NaN
outer loop
vertex 1.12143265e2 1.2968889e2 -1.1920929e-7
vertex 1.1313191e2 1.2968889e2 -1.1920929e-7
vertex 1.1263759e2 1.2968889e2 -1.1920929e-7
endloop
endfacet
facet normal NaN NaN NaN
outer loop
vertex 1.14120544e2 1.2968889e2 -1.1920929e-7
vertex 1.1313191e2 1.2968889e2 -1.1920929e-7
vertex 1.1362623e2 1.2968889e2 -1.1920929e-7
endloop
endfacet
facet normal NaN NaN NaN
outer loop
vertex 1.1313191e2 1.2968889e2 -1.1920929e-7
vertex 1.14120544e2 1.2968889e2 -1.1920929e-7
vertex 1.1362623e2 1.2968889e2 -1.1920929e-7
endloop
endfacet
facet normal NaN NaN NaN
outer loop
vertex 1.1510919e2 1.2968889e2 -1.1920929e-7
vertex 1.14120544e2 1.2968889e2 -1.1920929e-7
vertex 1.1461487e2 1.2968889e2 -1.1920929e-7
endloop
endfacet
facet normal NaN NaN NaN
outer loop
vertex 1.14120544e2 1.2968889e2 -1.1920929e-7
vertex 1.1510919e2 1.2968889e2 -1.1920929e-7
vertex 1.1461487e2 1.2968889e2 -1.1920929e-7
endloop
endfacet
facet normal NaN NaN NaN
outer loop
vertex 1.0126822e2 1.3163626e2 -1.1920929e-7
vertex 1.0126822e2 1.3066258e2 -1.1920929e-7
vertex 1.0126822e2 1.3114941e2 -1.1920929e-7
endloop
endfacet
facet normal NaN NaN NaN
outer loop
vertex 1.0126822e2 1.3066258e2 -1.1920929e-7
vertex 1.0126822e2 1.3163626e2 -1.1920929e-7
vertex 1.0126822e2 1.3114941e2 -1.1920929e-7
endloop
endfacet
facet normal NaN NaN NaN
outer loop
vertex 1.08188705e2 1.3066258e2 -1.1920929e-7
vertex 1.08188705e2 1.3163626e2 -1.1920929e-7
vertex 1.08188705e2 1.3114941e2 -1.1920929e-7
endloop
endfacet
facet normal NaN NaN NaN
outer loop
vertex 1.08188705e2 1.3163626e2 -1.1920929e-7
vertex 1.08188705e2 1.3066258e2 -1.1920929e-7
vertex 1.08188705e2 1.3114941e2 -1.1920929e-7
endloop
endfacet
facet normal NaN NaN NaN
outer loop
vertex 1.0126822e2 1.3260995e2 -1.1920929e-7
vertex 1.0126822e2 1.3163626e2 -1.1920929e-7
vertex 1.0126822e2 1.3212311e2 -1.1920929e-7
endloop
endfacet
facet normal NaN NaN NaN
outer loop
vertex 1.0126822e2 1.3163626e2 -1.1920929e-7
vertex 1.0126822e2 1.3260995e2 -1.1920929e-7
vertex 1.0126822e2 1.3212311e2 -1.1920929e-7
endloop
endfacet
facet normal NaN NaN NaN
outer loop
vertex 1.08188705e2 1.3163626e2 -1.1920929e-7
vertex 1.08188705e2 1.3260995e2 -1.1920929e-7
vertex 1.08188705e2 1.3212311e2 -1.1920929e-7
endloop
endfacet
facet normal NaN NaN NaN
outer loop
vertex 1.08188705e2 1.3260995e2 -1.1920929e-7
vertex 1.08188705e2 1.3163626e2 -1.1920929e-7
vertex 1.08188705e2 1.3212311e2 -1.1920929e-7
endloop
endfacet
facet normal NaN NaN NaN
outer loop
vertex 1.0126822e2 1.3358363e2 -1.1920929e-7
vertex 1.0126822e2 1.3260995e2 -1.1920929e-7
vertex 1.0126822e2 1.330968e2 -1.1920929e-7
endloop
endfacet
facet normal NaN NaN NaN
outer loop
vertex 1.0126822e2 1.3260995e2 -1.1920929e-7
vertex 1.0126822e2 1.3358363e2 -1.1920929e-7
vertex 1.0126822e2 1.330968e2 -1.1920929e-7
endloop
endfacet
facet normal NaN NaN NaN
outer loop
vertex 1.08188705e2 1.3260995e2 -1.1920929e-7
vertex 1.08188705e2 1.3358363e2 -1.1920929e-7
vertex 1.08188705e2 1.330968e2 -1.1920929e-7
endloop
endfacet
facet normal NaN NaN NaN
outer loop
vertex 1.08188705e2 1.3358363e2 -1.1920929e-7
vertex 1.08188705e2 1.3260995e2 -1.1920929e-7
vertex 1.08188705e2 1.330968e2 -1.1920929e-7
endloop
endfacet
facet normal NaN NaN NaN
outer loop
vertex 1.0126822e2 1.3455733e2 -1.1920929e-7
vertex 1.0126822e2 1.3358363e2 -1.1920929e-7
vertex 1.0126822e2 1.3407048e2 -1.1920929e-7
endloop
endfacet
facet normal NaN NaN NaN
outer loop
vertex 1.0126822e2 1.3358363e2 -1.1920929e-7
vertex 1.0126822e2 1.3455733e2 -1.1920929e-7
vertex 1.0126822e2 1.3407048e2 -1.1920929e-7
endloop
endfacet
facet normal NaN NaN NaN
outer loop
vertex 1.08188705e2 1.3358363e2 -1.1920929e-7
vertex 1.08188705e2 1.3455733e2 -1.1920929e-7
vertex 1.08188705e2 1.3407048e2 -1.1920929e-7
endloop
endfacet
facet normal NaN NaN NaN
outer loop
vertex 1.08188705e2 1.3455733e2 -1.1920929e-7
vertex 1.08188705e2 1.3358363e2 -1.1920929e-7
vertex 1.08188705e2 1.3407048e2 -1.1920929e-7
endloop
endfacet
facet normal NaN NaN NaN
outer loop
vertex 1.0126822e2 1.35531e2 -1.1920929e-7
vertex 1.0126822e2 1.3455733e2 -1.1920929e-7
vertex 1.0126822e2 1.3504416e2 -1.1920929e-7
endloop
endfacet
facet normal NaN NaN NaN
outer loop
vertex 1.0126822e2 1.3455733e2 -1.1920929e-7
vertex 1.0126822e2 1.35531e2 -1.1920929e-7
vertex 1.0126822e2 1.3504416e2 -1.1920929e-7
endloop
endfacet
facet normal NaN NaN NaN
outer loop
vertex 1.08188705e2 1.3455733e2 -1.1920929e-7
vertex 1.08188705e2 1.35531e2 -1.1920929e-7
vertex 1.08188705e2 1.3504416e2 -1.1920929e-7
endloop
endfacet
facet normal NaN NaN NaN
outer loop
vertex 1.08188705e2 1.35531e2 -1.1920929e-7
vertex 1.08188705e2 1.3455733e2 -1.1920929e-7
vertex 1.08188705e2 1.3504416e2 -1.1920929e-7
endloop
endfacet
facet normal NaN NaN NaN
outer loop
vertex 1.0126822e2 1.365047e2 -1.1920929e-7
vertex 1.0126822e2 1.35531e2 -1.1920929e-7
vertex 1.0126822e2 1.3601785e2 -1.1920929e-7
endloop
endfacet
facet normal NaN NaN NaN
outer loop
vertex 1.0126822e2 1.35531e2 -1.1920929e-7
vertex 1.0126822e2 1.365047e2 -1.1920929e-7
vertex 1.0126822e2 1.3601785e2 -1.1920929e-7
endloop
endfacet
facet normal NaN NaN NaN
outer loop
vertex 1.08188705e2 1.35531e2 -1.1920929e-7
vertex 1.08188705e2 1.365047e2 -1.1920929e-7
vertex 1.08188705e2 1.3601785e2 -1.1920929e-7
endloop
endfacet
facet normal NaN NaN NaN
outer loop
vertex 1.08188705e2 1.365047e2 -1.1920929e-7
vertex 1.08188705e2 1.35531e2 -1.1920929e-7
vertex 1.08188705e2 1.3601785e2 -1.1920929e-7
endloop
endfacet
facet normal NaN NaN NaN
outer loop
vertex 1.0225686e2 1.365047e2 -1.1920929e-7
vertex 1.0126822e2 1.365047e2 -1.1920929e-7
vertex 1.0176254e2 1.365047e2 -1.1920929e-7
endloop
endfacet
facet normal NaN NaN NaN
outer loop
vertex 1.0126822e2 1.365047e2 -1.1920929e-7
vertex 1.0225686e2 1.365047e2 -1.1920929e-7
vertex 1.0176254e2 1.365047e2 -1.1920929e-7
endloop
endfacet
facet normal NaN NaN NaN
outer loop
vertex 1.032455e2 1.365047e2 -1.1920929e-7
vertex 1.0225686e2 1.365047e2 -1.1920929e-7
vertex 1.02751175e2 1.365047e2 -1.1920929e-7
endloop
endfacet
facet normal NaN NaN NaN
outer loop
vertex 1.0225686e2 1.365047e2 -1.1920929e-7
vertex 1.032455e2 1.365047e2 -1.1920929e-7
vertex 1.02751175e2 1.365047e2 -1.1920929e-7
endloop
endfacet
facet normal NaN NaN NaN
outer loop
vertex 1.04234146e2 1.365047e2 -1.1920929e-7
vertex 1.032455e2 1.365047e2 -1.1920929e-7
vertex 1.0373982e2 1.365047e2 -1.1920929e-7
endloop
endfacet
facet normal NaN NaN NaN
outer loop
vertex 1.032455e2 1.365047e2 -1.1920929e-7
vertex 1.04234146e2 1.365047e2 -1.1920929e-7
vertex 1.0373982e2 1.365047e2 -1.1920929e-7
endloop
endfacet
facet normal NaN NaN NaN
outer loop
vertex 1.0522278e2 1.365047e2 -1.1920929e-7
vertex 1.04234146e2 1.365047e2 -1.1920929e-7
vertex 1.0472846e2 1.365047e2 -1.1920929e-7
endloop
endfacet
facet normal NaN NaN NaN
outer loop
vertex 1.04234146e2 1.365047e2 -1.1920929e-7
vertex 1.0522278e2 1.365047e2 -1.1920929e-7
vertex 1.0472846e2 1.365047e2 -1.1920929e-7
endloop
endfacet
facet normal NaN NaN NaN
outer loop
vertex 1.06211426e2 1.365047e2 -1.1920929e-7
vertex 1.0522278e2 1.365047e2 -1.1920929e-7
vertex 1.057171e2 1.365047e2 -1.1920929e-7
endloop
endfacet
facet normal NaN NaN NaN
outer loop
vertex 1.0522278e2 1.365047e2 -1.1920929e-7
vertex 1.06211426e2 1.365047e2 -1.1920929e-7
vertex 1.057171e2 1.365047e2 -1.1920929e-7
endloop
endfacet
facet normal NaN NaN NaN
outer loop
vertex 1.07200066e2 1.365047e2 -1.1920929e-7
vertex 1.06211426e2 1.365047e2 -1.1920929e-7
vertex 1.0670575e2 1.365047e2 -1.1920929e-7
endloop
endfacet
facet normal NaN NaN NaN
outer loop
vertex 1.06211426e2 1.365047e2 -1.1920929e-7
vertex 1.07200066e2 1.365047e2 -1.1920929e-7
vertex 1.0670575e2 1.365047e2 -1.1920929e-7
endloop
endfacet
facet normal NaN NaN NaN
outer loop
vertex 1.08188705e2 1.365047e2 -1.1920929e-7
vertex 1.07200066e2 1.365047e2 -1.1920929e-7
vertex 1.0769438e2 1.365047e2 -1.1920929e-7
endloop
endfacet
facet normal NaN NaN NaN
outer loop
vertex 1.07200066e2 1.365047e2 -1.1920929e-7
vertex 1.08188705e2 1.365047e2 -1.1920929e-7
vertex 1.0769438e2 1.365047e2 -1.1920929e-7
endloop
endfacet
facet normal 3.7129922e-3 -9.999931e-1 -1.2836681e-5
outer loop
vertex 8.643861e1 1.223896e2 3.4566063e-1
vertex 8.643861e1 1.22389595e2 9.3999976e-1
vertex 8.585916e1 1.2238744e2 9.3999976e-1
endloop
endfacet
facet normal -9.9975675e-1 2.2053458e-2 0.0e0
outer loop
vertex 8.5535355e1 1.2252238e2 9.3999976e-1
vertex 8.554309e1 1.22873085e2 9.3999976e-1
vertex 8.554309e1 1.22873085e2 4.343286e-2
endloop
endfacet
facet normal -6.721253e-1 -6.8757313e-1 -2.7475598e-1
outer loop
vertex 8.5535355e1 1.2252238e2 9.3999976e-1
vertex 8.554309e1 1.22873085e2 4.343286e-2
vertex 8.5955505e1 1.2238795e2 2.4860972e-1
endloop
endfacet
facet normal -4.395011e-2 -4.206069e-1 -9.0617776e-1
outer loop
vertex 8.554309e1 1.22873085e2 4.343286e-2
vertex 8.643861e1 1.22873085e2 -1.1920929e-7
vertex 8.5955505e1 1.2238795e2 2.4860972e-1
endloop
endfacet
facet normal -4.5757887e-1 1.19692e-6 -8.891691e-1
outer loop
vertex 8.643861e1 1.22873085e2 -1.1920929e-7
vertex 8.643861e1 1.2250778e2 -6.109476e-7
vertex 8.5955505e1 1.2238795e2 2.4860972e-1
endloop
endfacet
facet normal 6.8074495e-2 -9.4403034e-1 -3.227578e-1
outer loop
vertex 8.643861e1 1.2250778e2 -6.109476e-7
vertex 8.643861e1 1.223896e2 3.4566063e-1
vertex 8.5955505e1 1.2238795e2 2.4860972e-1
endloop
endfacet
facet normal 3.4759652e-3 -9.999939e-1 -2.4392705e-4
outer loop
vertex 8.643861e1 1.223896e2 3.4566063e-1
vertex 8.585916e1 1.2238744e2 9.3999976e-1
vertex 8.5955505e1 1.2238795e2 2.4860972e-1
endloop
endfacet
facet normal -3.8408408e-1 -9.2170626e-1 -5.4192726e-2
outer loop
vertex 8.585916e1 1.2238744e2 9.3999976e-1
vertex 8.5535355e1 1.2252238e2 9.3999976e-1
vertex 8.5955505e1 1.2238795e2 2.4860972e-1
endloop
endfacet
facet normal 0.0e0 -1.6295392e-7 -1.0e0
outer loop
vertex 8.643861e1 1.22873085e2 -1.1920929e-7
vertex 8.742725e1 1.22873085e2 -1.1920929e-7
vertex 8.742725e1 1.2250731e2 -5.9604645e-8
endloop
endfacet
facet normal 5.58318e-7 1.3461106e-6 -9.9999994e-1
outer loop
vertex 8.643861e1 1.22873085e2 -1.1920929e-7
vertex 8.742725e1 1.2250731e2 -5.9604645e-8
vertex 8.643861e1 1.2250778e2 -6.109476e-7
endloop
endfacet
facet normal -4.5442293e-4 -9.5013666e-1 -3.1183338e-1
outer loop
vertex 8.643861e1 1.2250778e2 -6.109476e-7
vertex 8.742725e1 1.2250731e2 -5.9604645e-8
vertex 8.742725e1 1.2239325e2 3.4753188e-1
endloop
endfacet
facet normal 4.102663e-3 -9.462174e-1 -3.2350558e-1
outer loop
vertex 8.643861e1 1.2250778e2 -6.109476e-7
vertex 8.742725e1 1.2239325e2 3.4753188e-1
vertex 8.643861e1 1.223896e2 3.4566063e-1
endloop
endfacet
facet normal 3.6887017e-3 -9.9999315e-1 0.0e0
outer loop
vertex 8.643861e1 1.223896e2 3.4566063e-1
vertex 8.742725e1 1.2239325e2 3.4753188e-1
vertex 8.742725e1 1.2239325e2 9.3999976e-1
endloop
endfacet
facet normal 3.6964188e-3 -9.999932e-1 -1.2836682e-5
outer loop
vertex 8.643861e1 1.223896e2 3.4566063e-1
vertex 8.742725e1 1.2239325e2 9.3999976e-1
vertex 8.643861e1 1.22389595e2 9.3999976e-1
endloop
endfacet
facet normal 0.0e0 -6.102626e-7 -1.0e0
outer loop
vertex 8.742725e1 1.22873085e2 -1.1920929e-7
vertex 8.841589e1 1.22873085e2 -1.1920929e-7
vertex 8.841589e1 1.2250682e2 1.0430813e-7
endloop
endfacet
facet normal 1.6571576e-7 -1.6295392e-7 -9.9999994e-1
outer loop
vertex 8.742725e1 1.22873085e2 -1.1920929e-7
vertex 8.841589e1 1.2250682e2 1.0430813e-7
vertex 8.742725e1 1.2250731e2 -5.9604645e-8
endloop
endfacet
facet normal -4.7107457e-4 -9.539017e-1 -3.0011904e-1
outer loop
vertex 8.742725e1 1.2250731e2 -5.9604645e-8
vertex 8.841589e1 1.2250682e2 1.0430813e-7
vertex 8.841589e1 1.223969e2 3.4938475e-1
endloop
endfacet
facet normal 4.089207e-3 -9.501289e-1 -3.1183085e-1
outer loop
vertex 8.742725e1 1.2250731e2 -5.9604645e-8
vertex 8.841589e1 1.223969e2 3.4938475e-1
vertex 8.742725e1 1.2239325e2 3.4753188e-1
endloop
endfacet
facet normal 3.6887063e-3 -9.9999315e-1 1.2917723e-5
outer loop
vertex 8.742725e1 1.2239325e2 3.4753188e-1
vertex 8.841589e1 1.223969e2 3.4938475e-1
vertex 8.841589e1 1.22396904e2 9.3999976e-1
endloop
endfacet
facet normal 3.6964472e-3 -9.9999315e-1 0.0e0
outer loop
vertex 8.742725e1 1.2239325e2 3.4753188e-1
vertex 8.841589e1 1.22396904e2 9.3999976e-1
vertex 8.742725e1 1.2239325e2 9.3999976e-1
endloop
endfacet
facet normal 0.0e0 5.281242e-7 -1.0e0
outer loop
vertex 8.841589e1 1.22873085e2 -1.1920929e-7
vertex 8.940453e1 1.22873085e2 -1.1920929e-7
vertex 8.940453e1 1.2250629e2 -3.1292439e-7
endloop
endfacet
facet normal -4.2235646e-7 -6.102626e-7 -1.0e0
outer loop
vertex 8.841589e1 1.22873085e2 -1.1920929e-7
vertex 8.940453e1 1.2250629e2 -3.1292439e-7
vertex 8.841589e1 1.2250682e2 1.0430813e-7
endloop
endfacet
facet normal -5.173846e-4 -9.5754987e-1 -2.8826717e-1
outer loop
vertex 8.841589e1 1.2250682e2 1.0430813e-7
vertex 8.940453e1 1.2250629e2 -3.1292439e-7
vertex 8.940453e1 1.2240055e2 3.5122693e-1
endloop
endfacet
facet normal 4.085245e-3 -9.5389384e-1 -3.0011657e-1
outer loop
vertex 8.841589e1 1.2250682e2 1.0430813e-7
vertex 8.940453e1 1.2240055e2 3.5122693e-1
vertex 8.841589e1 1.223969e2 3.4938475e-1
endloop
endfacet
facet normal 3.696423e-3 -9.9999315e-1 1.295814e-5
outer loop
vertex 8.841589e1 1.223969e2 3.4938475e-1
vertex 8.940453e1 1.2240055e2 3.5122693e-1
vertex 8.940453e1 1.2240056e2 9.3999976e-1
endloop
endfacet
facet normal 3.6964475e-3 -9.9999315e-1 1.2917624e-5
outer loop
vertex 8.841589e1 1.223969e2 3.4938475e-1
vertex 8.940453e1 1.2240056e2 9.3999976e-1
vertex 8.841589e1 1.22396904e2 9.3999976e-1
endloop
endfacet
facet normal 0.0e0 -2.028125e-7 -9.9999994e-1
outer loop
vertex 8.940453e1 1.22873085e2 -1.1920929e-7
vertex 9.039317e1 1.22873085e2 -1.1920929e-7
vertex 9.039317e1 1.2250572e2 -4.4703484e-8
endloop
endfacet
facet normal 2.7160453e-7 5.281242e-7 -1.0e0
outer loop
vertex 8.940453e1 1.22873085e2 -1.1920929e-7
vertex 9.039317e1 1.2250572e2 -4.4703484e-8
vertex 8.940453e1 1.2250629e2 -3.1292439e-7
endloop
endfacet
facet normal -5.487543e-4 -9.610667e-1 -2.7631575e-1
outer loop
vertex 8.940453e1 1.2250629e2 -3.1292439e-7
vertex 9.039317e1 1.2250572e2 -4.4703484e-8
vertex 9.039317e1 1.2240421e2 3.530635e-1
endloop
endfacet
facet normal 4.082427e-3 -9.57542e-1 -2.882648e-1
outer loop
vertex 8.940453e1 1.2250629e2 -3.1292439e-7
vertex 9.039317e1 1.2240421e2 3.530635e-1
vertex 8.940453e1 1.2240055e2 3.5122693e-1
endloop
endfacet
facet normal 3.7041877e-3 -9.999931e-1 -1.2998686e-5
outer loop
vertex 8.940453e1 1.2240055e2 3.5122693e-1
vertex 9.039317e1 1.2240421e2 3.530635e-1
vertex 9.039317e1 1.22404205e2 9.3999976e-1
endloop
endfacet
facet normal 3.68873e-3 -9.9999315e-1 1.295804e-5
outer loop
vertex 8.940453e1 1.2240055e2 3.5122693e-1
vertex 9.039317e1 1.22404205e2 9.3999976e-1
vertex 8.940453e1 1.2240056e2 9.3999976e-1
endloop
endfacet
facet normal 0.0e0 -4.859628e-7 -1.0e0
outer loop
vertex 9.039317e1 1.22873085e2 -1.1920929e-7
vertex 9.138181e1 1.22873085e2 -1.1920929e-7
vertex 9.138181e1 1.2250513e2 5.9604645e-8
endloop
endfacet
facet normal 1.0538462e-7 -2.028125e-7 -9.9999994e-1
outer loop
vertex 9.039317e1 1.22873085e2 -1.1920929e-7
vertex 9.138181e1 1.2250513e2 5.9604645e-8
vertex 9.039317e1 1.2250572e2 -4.4703484e-8
endloop
endfacet
facet normal -5.8048475e-4 -9.6441764e-1 -2.643831e-1
outer loop
vertex 9.039317e1 1.2250572e2 -4.4703484e-8
vertex 9.138181e1 1.2250513e2 5.9604645e-8
vertex 9.138181e1 1.22407845e2 3.5486716e-1
endloop
endfacet
facet normal 4.034386e-3 -9.610591e-1 -2.7631354e-1
outer loop
vertex 9.039317e1 1.2250572e2 -4.4703484e-8
vertex 9.138181e1 1.22407845e2 3.5486716e-1
vertex 9.039317e1 1.2240421e2 3.530635e-1
endloop
endfacet
facet normal 3.673249e-3 -9.999932e-1 2.6077112e-5
outer loop
vertex 9.039317e1 1.2240421e2 3.530635e-1
vertex 9.138181e1 1.22407845e2 3.5486716e-1
vertex 9.138181e1 1.2240786e2 9.3999976e-1
endloop
endfacet
facet normal 3.696447e-3 -9.9999315e-1 -1.2998587e-5
outer loop
vertex 9.039317e1 1.2240421e2 3.530635e-1
vertex 9.138181e1 1.2240786e2 9.3999976e-1
vertex 9.039317e1 1.22404205e2 9.3999976e-1
endloop
endfacet
facet normal 0.0e0 -1.3341019e-6 -1.0e0
outer loop
vertex 9.138181e1 1.22873085e2 -1.1920929e-7
vertex 9.237045e1 1.22873085e2 -1.1920929e-7
vertex 9.237045e1 1.2250449e2 3.7252903e-7
endloop
endfacet
facet normal 3.1620883e-7 -4.859628e-7 -1.0e0
outer loop
vertex 9.138181e1 1.22873085e2 -1.1920929e-7
vertex 9.237045e1 1.2250449e2 3.7252903e-7
vertex 9.138181e1 1.2250513e2 5.9604645e-8
endloop
endfacet
facet normal -6.197261e-4 -9.676664e-1 -2.5223273e-1
outer loop
vertex 9.138181e1 1.2250513e2 5.9604645e-8
vertex 9.237045e1 1.2250449e2 3.7252903e-7
vertex 9.237045e1 1.2241152e2 3.5667765e-1
endloop
endfacet
facet normal 4.071408e-3 -9.6440977e-1 -2.6438096e-1
outer loop
vertex 9.138181e1 1.2250513e2 5.9604645e-8
vertex 9.237045e1 1.2241152e2 3.5667765e-1
vertex 9.138181e1 1.22407845e2 3.5486716e-1
