solid ImplictCADExport
facet normal NaN NaN NaN
outer loop
vertex 5.811866e1 6.440378e1 5.9604645e-8
vertex 5.910687e1 6.440378e1 5.9604645e-8
vertex 5.8612762e1 6.440378e1 5.9604645e-8
endloop
endfacet
facet normal NaN NaN NaN
outer loop
vertex 5.910687e1 6.440378e1 5.9604645e-8
vertex 5.811866e1 6.440378e1 5.9604645e-8
vertex 5.8612762e1 6.440378e1 5.9604645e-8
endloop
endfacet
facet normal NaN NaN NaN
outer loop
vertex 5.910687e1 6.440378e1 5.9604645e-8
vertex 6.0095078e1 6.440378e1 5.9604645e-8
vertex 5.9600975e1 6.440378e1 5.9604645e-8
endloop
endfacet
facet normal NaN NaN NaN
outer loop
vertex 6.0095078e1 6.440378e1 5.9604645e-8
vertex 5.910687e1 6.440378e1 5.9604645e-8
vertex 5.9600975e1 6.440378e1 5.9604645e-8
endloop
endfacet
facet normal NaN NaN NaN
outer loop
vertex 6.0095078e1 6.440378e1 5.9604645e-8
vertex 6.1083282e1 6.440378e1 5.9604645e-8
vertex 6.058918e1 6.440378e1 5.9604645e-8
endloop
endfacet
facet normal NaN NaN NaN
outer loop
vertex 6.1083282e1 6.440378e1 5.9604645e-8
vertex 6.0095078e1 6.440378e1 5.9604645e-8
vertex 6.058918e1 6.440378e1 5.9604645e-8
endloop
endfacet
facet normal NaN NaN NaN
outer loop
vertex 6.1083282e1 6.440378e1 5.9604645e-8
vertex 6.207149e1 6.440378e1 5.9604645e-8
vertex 6.1577385e1 6.440378e1 5.9604645e-8
endloop
endfacet
facet normal NaN NaN NaN
outer loop
vertex 6.207149e1 6.440378e1 5.9604645e-8
vertex 6.1083282e1 6.440378e1 5.9604645e-8
vertex 6.1577385e1 6.440378e1 5.9604645e-8
endloop
endfacet
facet normal NaN NaN NaN
outer loop
vertex 6.207149e1 6.440378e1 5.9604645e-8
vertex 6.30597e1 6.440378e1 5.9604645e-8
vertex 6.2565598e1 6.440378e1 5.9604645e-8
endloop
endfacet
facet normal NaN NaN NaN
outer loop
vertex 6.30597e1 6.440378e1 5.9604645e-8
vertex 6.207149e1 6.440378e1 5.9604645e-8
vertex 6.2565598e1 6.440378e1 5.9604645e-8
endloop
endfacet
facet normal NaN NaN NaN
outer loop
vertex 6.30597e1 6.440378e1 5.9604645e-8
vertex 6.4047905e1 6.440378e1 5.9604645e-8
vertex 6.3553802e1 6.440378e1 5.9604645e-8
endloop
endfacet
facet normal NaN NaN NaN
outer loop
vertex 6.4047905e1 6.440378e1 5.9604645e-8
vertex 6.30597e1 6.440378e1 5.9604645e-8
vertex 6.3553802e1 6.440378e1 5.9604645e-8
endloop
endfacet
facet normal NaN NaN NaN
outer loop
vertex 6.4047905e1 6.440378e1 5.9604645e-8
vertex 6.503612e1 6.440378e1 5.9604645e-8
vertex 6.454201e1 6.440378e1 5.9604645e-8
endloop
endfacet
facet normal NaN NaN NaN
outer loop
vertex 6.503612e1 6.440378e1 5.9604645e-8
vertex 6.4047905e1 6.440378e1 5.9604645e-8
vertex 6.454201e1 6.440378e1 5.9604645e-8
endloop
endfacet
facet normal NaN NaN NaN
outer loop
vertex 6.503612e1 6.440378e1 5.9604645e-8
vertex 6.602432e1 6.440378e1 5.9604645e-8
vertex 6.553022e1 6.440378e1 5.9604645e-8
endloop
endfacet
facet normal NaN NaN NaN
outer loop
vertex 6.602432e1 6.440378e1 5.9604645e-8
vertex 6.503612e1 6.440378e1 5.9604645e-8
vertex 6.553022e1 6.440378e1 5.9604645e-8
endloop
endfacet
facet normal NaN NaN NaN
outer loop
vertex 6.602432e1 6.440378e1 5.9604645e-8
vertex 6.701253e1 6.440378e1 5.9604645e-8
vertex 6.6518425e1 6.440378e1 5.9604645e-8
endloop
endfacet
facet normal NaN NaN NaN
outer loop
vertex 6.701253e1 6.440378e1 5.9604645e-8
vertex 6.602432e1 6.440378e1 5.9604645e-8
vertex 6.6518425e1 6.440378e1 5.9604645e-8
endloop
endfacet
facet normal NaN NaN NaN
outer loop
vertex 6.701253e1 6.440378e1 5.9604645e-8
vertex 6.800074e1 6.440378e1 5.9604645e-8
vertex 6.750664e1 6.440378e1 5.9604645e-8
endloop
endfacet
facet normal NaN NaN NaN
outer loop
vertex 6.800074e1 6.440378e1 5.9604645e-8
vertex 6.701253e1 6.440378e1 5.9604645e-8
vertex 6.750664e1 6.440378e1 5.9604645e-8
endloop
endfacet
facet normal NaN NaN NaN
outer loop
vertex 6.800074e1 6.440378e1 5.9604645e-8
vertex 6.8988945e1 6.440378e1 5.9604645e-8
vertex 6.849484e1 6.440378e1 5.9604645e-8
endloop
endfacet
facet normal NaN NaN NaN
outer loop
vertex 6.8988945e1 6.440378e1 5.9604645e-8
vertex 6.800074e1 6.440378e1 5.9604645e-8
vertex 6.849484e1 6.440378e1 5.9604645e-8
endloop
endfacet
facet normal NaN NaN NaN
outer loop
vertex 6.8988945e1 6.440378e1 5.9604645e-8
vertex 6.997716e1 6.440378e1 5.9604645e-8
vertex 6.948305e1 6.440378e1 5.9604645e-8
endloop
endfacet
facet normal NaN NaN NaN
outer loop
vertex 6.997716e1 6.440378e1 5.9604645e-8
vertex 6.8988945e1 6.440378e1 5.9604645e-8
vertex 6.948305e1 6.440378e1 5.9604645e-8
endloop
endfacet
facet normal NaN NaN NaN
outer loop
vertex 6.997716e1 6.440378e1 5.9604645e-8
vertex 7.096536e1 6.440378e1 5.9604645e-8
vertex 7.047126e1 6.440378e1 5.9604645e-8
endloop
endfacet
facet normal NaN NaN NaN
outer loop
vertex 7.096536e1 6.440378e1 5.9604645e-8
vertex 6.997716e1 6.440378e1 5.9604645e-8
vertex 7.047126e1 6.440378e1 5.9604645e-8
endloop
endfacet
facet normal NaN NaN NaN
outer loop
vertex 7.096536e1 6.440378e1 5.9604645e-8
vertex 7.195357e1 6.440378e1 5.9604645e-8
vertex 7.1459465e1 6.440378e1 5.9604645e-8
endloop
endfacet
facet normal NaN NaN NaN
outer loop
vertex 7.195357e1 6.440378e1 5.9604645e-8
vertex 7.096536e1 6.440378e1 5.9604645e-8
vertex 7.1459465e1 6.440378e1 5.9604645e-8
endloop
endfacet
facet normal NaN NaN NaN
outer loop
vertex 7.195357e1 6.440378e1 5.9604645e-8
vertex 7.294177e1 6.440378e1 5.9604645e-8
vertex 7.244767e1 6.440378e1 5.9604645e-8
endloop
endfacet
facet normal NaN NaN NaN
outer loop
vertex 7.294177e1 6.440378e1 5.9604645e-8
vertex 7.195357e1 6.440378e1 5.9604645e-8
vertex 7.244767e1 6.440378e1 5.9604645e-8
endloop
endfacet
facet normal NaN NaN NaN
outer loop
vertex 7.294177e1 6.440378e1 5.9604645e-8
vertex 7.3929985e1 6.440378e1 5.9604645e-8
vertex 7.343588e1 6.440378e1 5.9604645e-8
endloop
endfacet
facet normal NaN NaN NaN
outer loop
vertex 7.3929985e1 6.440378e1 5.9604645e-8
vertex 7.294177e1 6.440378e1 5.9604645e-8
vertex 7.343588e1 6.440378e1 5.9604645e-8
endloop
endfacet
facet normal NaN NaN NaN
outer loop
vertex 7.3929985e1 6.440378e1 5.9604645e-8
vertex 7.491819e1 6.440378e1 5.9604645e-8
vertex 7.442409e1 6.440378e1 5.9604645e-8
endloop
endfacet
facet normal NaN NaN NaN
outer loop
vertex 7.491819e1 6.440378e1 5.9604645e-8
vertex 7.3929985e1 6.440378e1 5.9604645e-8
vertex 7.442409e1 6.440378e1 5.9604645e-8
endloop
endfacet
facet normal NaN NaN NaN
outer loop
vertex 7.491819e1 6.440378e1 5.9604645e-8
vertex 7.59064e1 6.440378e1 5.9604645e-8
vertex 7.541229e1 6.440378e1 5.9604645e-8
endloop
endfacet
facet normal NaN NaN NaN
outer loop
vertex 7.59064e1 6.440378e1 5.9604645e-8
vertex 7.491819e1 6.440378e1 5.9604645e-8
vertex 7.541229e1 6.440378e1 5.9604645e-8
endloop
endfacet
facet normal NaN NaN NaN
outer loop
vertex 7.59064e1 6.440378e1 5.9604645e-8
vertex 7.689461e1 6.440378e1 5.9604645e-8
vertex 7.6400505e1 6.440378e1 5.9604645e-8
endloop
endfacet
facet normal NaN NaN NaN
outer loop
vertex 7.689461e1 6.440378e1 5.9604645e-8
vertex 7.59064e1 6.440378e1 5.9604645e-8
vertex 7.6400505e1 6.440378e1 5.9604645e-8
endloop
endfacet
facet normal NaN NaN NaN
outer loop
vertex 7.689461e1 6.440378e1 5.9604645e-8
vertex 7.788281e1 6.440378e1 5.9604645e-8
vertex 7.738871e1 6.440378e1 5.9604645e-8
endloop
endfacet
facet normal NaN NaN NaN
outer loop
vertex 7.788281e1 6.440378e1 5.9604645e-8
vertex 7.689461e1 6.440378e1 5.9604645e-8
vertex 7.738871e1 6.440378e1 5.9604645e-8
endloop
endfacet
facet normal NaN NaN NaN
outer loop
vertex 7.788281e1 6.440378e1 5.9604645e-8
vertex 7.8871025e1 6.440378e1 5.9604645e-8
vertex 7.837692e1 6.440378e1 5.9604645e-8
endloop
endfacet
facet normal NaN NaN NaN
outer loop
vertex 7.8871025e1 6.440378e1 5.9604645e-8
vertex 7.788281e1 6.440378e1 5.9604645e-8
vertex 7.837692e1 6.440378e1 5.9604645e-8
endloop
endfacet
facet normal NaN NaN NaN
outer loop
vertex 7.8871025e1 6.440378e1 5.9604645e-8
vertex 7.985923e1 6.440378e1 5.9604645e-8
vertex 7.936513e1 6.440378e1 5.9604645e-8
endloop
endfacet
facet normal NaN NaN NaN
outer loop
vertex 7.985923e1 6.440378e1 5.9604645e-8
vertex 7.8871025e1 6.440378e1 5.9604645e-8
vertex 7.936513e1 6.440378e1 5.9604645e-8
endloop
endfacet
facet normal NaN NaN NaN
outer loop
vertex 7.985923e1 6.440378e1 5.9604645e-8
vertex 8.084744e1 6.440378e1 5.9604645e-8
vertex 8.035333e1 6.440378e1 5.9604645e-8
endloop
endfacet
facet normal NaN NaN NaN
outer loop
vertex 8.084744e1 6.440378e1 5.9604645e-8
vertex 7.985923e1 6.440378e1 5.9604645e-8
vertex 8.035333e1 6.440378e1 5.9604645e-8
endloop
endfacet
facet normal NaN NaN NaN
outer loop
vertex 8.084744e1 6.440378e1 5.9604645e-8
vertex 8.183565e1 6.440378e1 5.9604645e-8
vertex 8.1341545e1 6.440378e1 5.9604645e-8
endloop
endfacet
facet normal NaN NaN NaN
outer loop
vertex 8.183565e1 6.440378e1 5.9604645e-8
vertex 8.084744e1 6.440378e1 5.9604645e-8
vertex 8.1341545e1 6.440378e1 5.9604645e-8
endloop
endfacet
facet normal NaN NaN NaN
outer loop
vertex 8.183565e1 6.440378e1 5.9604645e-8
vertex 8.282385e1 6.440378e1 5.9604645e-8
vertex 8.232975e1 6.440378e1 5.9604645e-8
endloop
endfacet
facet normal NaN NaN NaN
outer loop
vertex 8.282385e1 6.440378e1 5.9604645e-8
vertex 8.183565e1 6.440378e1 5.9604645e-8
vertex 8.232975e1 6.440378e1 5.9604645e-8
endloop
endfacet
facet normal NaN NaN NaN
outer loop
vertex 5.811866e1 6.538924e1 5.9604645e-8
vertex 5.811866e1 6.440378e1 5.9604645e-8
vertex 5.811866e1 6.489651e1 5.9604645e-8
endloop
endfacet
facet normal NaN NaN NaN
outer loop
vertex 5.811866e1 6.440378e1 5.9604645e-8
vertex 5.811866e1 6.538924e1 5.9604645e-8
vertex 5.811866e1 6.489651e1 5.9604645e-8
endloop
endfacet
facet normal NaN NaN NaN
outer loop
vertex 8.282385e1 6.440378e1 5.9604645e-8
vertex 8.282385e1 6.538924e1 5.9604645e-8
vertex 8.282385e1 6.489651e1 5.9604645e-8
endloop
endfacet
facet normal NaN NaN NaN
outer loop
vertex 8.282385e1 6.538924e1 5.9604645e-8
vertex 8.282385e1 6.440378e1 5.9604645e-8
vertex 8.282385e1 6.489651e1 5.9604645e-8
endloop
endfacet
facet normal NaN NaN NaN
outer loop
vertex 5.811866e1 6.6374695e1 5.9604645e-8
vertex 5.811866e1 6.538924e1 5.9604645e-8
vertex 5.811866e1 6.5881966e1 5.9604645e-8
endloop
endfacet
facet normal NaN NaN NaN
outer loop
vertex 5.811866e1 6.538924e1 5.9604645e-8
vertex 5.811866e1 6.6374695e1 5.9604645e-8
vertex 5.811866e1 6.5881966e1 5.9604645e-8
endloop
endfacet
facet normal NaN NaN NaN
outer loop
vertex 8.282385e1 6.538924e1 5.9604645e-8
vertex 8.282385e1 6.6374695e1 5.9604645e-8
vertex 8.282385e1 6.5881966e1 5.9604645e-8
endloop
endfacet
facet normal NaN NaN NaN
outer loop
vertex 8.282385e1 6.6374695e1 5.9604645e-8
vertex 8.282385e1 6.538924e1 5.9604645e-8
vertex 8.282385e1 6.5881966e1 5.9604645e-8
endloop
endfacet
facet normal NaN NaN NaN
outer loop
vertex 5.811866e1 6.7360146e1 5.9604645e-8
vertex 5.811866e1 6.6374695e1 5.9604645e-8
vertex 5.811866e1 6.686742e1 5.9604645e-8
endloop
endfacet
facet normal NaN NaN NaN
outer loop
vertex 5.811866e1 6.6374695e1 5.9604645e-8
vertex 5.811866e1 6.7360146e1 5.9604645e-8
vertex 5.811866e1 6.686742e1 5.9604645e-8
endloop
endfacet
facet normal NaN NaN NaN
outer loop
vertex 8.282385e1 6.6374695e1 5.9604645e-8
vertex 8.282385e1 6.7360146e1 5.9604645e-8
vertex 8.282385e1 6.686742e1 5.9604645e-8
endloop
endfacet
facet normal NaN NaN NaN
outer loop
vertex 8.282385e1 6.7360146e1 5.9604645e-8
vertex 8.282385e1 6.6374695e1 5.9604645e-8
vertex 8.282385e1 6.686742e1 5.9604645e-8
endloop
endfacet
facet normal NaN NaN NaN
outer loop
vertex 5.811866e1 6.8345604e1 5.9604645e-8
vertex 5.811866e1 6.7360146e1 5.9604645e-8
vertex 5.811866e1 6.7852875e1 5.9604645e-8
endloop
endfacet
facet normal NaN NaN NaN
outer loop
vertex 5.811866e1 6.7360146e1 5.9604645e-8
vertex 5.811866e1 6.8345604e1 5.9604645e-8
vertex 5.811866e1 6.7852875e1 5.9604645e-8
endloop
endfacet
facet normal NaN NaN NaN
outer loop
vertex 8.282385e1 6.7360146e1 5.9604645e-8
vertex 8.282385e1 6.8345604e1 5.9604645e-8
vertex 8.282385e1 6.7852875e1 5.9604645e-8
endloop
endfacet
facet normal NaN NaN NaN
outer loop
vertex 8.282385e1 6.8345604e1 5.9604645e-8
vertex 8.282385e1 6.7360146e1 5.9604645e-8
vertex 8.282385e1 6.7852875e1 5.9604645e-8
endloop
endfacet
facet normal NaN NaN NaN
outer loop
vertex 5.811866e1 6.9331055e1 5.9604645e-8
vertex 5.811866e1 6.8345604e1 5.9604645e-8
vertex 5.811866e1 6.883833e1 5.9604645e-8
endloop
endfacet
facet normal NaN NaN NaN
outer loop
vertex 5.811866e1 6.8345604e1 5.9604645e-8
vertex 5.811866e1 6.9331055e1 5.9604645e-8
vertex 5.811866e1 6.883833e1 5.9604645e-8
endloop
endfacet
facet normal NaN NaN NaN
outer loop
vertex 8.282385e1 6.8345604e1 5.9604645e-8
vertex 8.282385e1 6.9331055e1 5.9604645e-8
vertex 8.282385e1 6.883833e1 5.9604645e-8
endloop
endfacet
facet normal NaN NaN NaN
outer loop
vertex 8.282385e1 6.9331055e1 5.9604645e-8
vertex 8.282385e1 6.8345604e1 5.9604645e-8
vertex 8.282385e1 6.883833e1 5.9604645e-8
endloop
endfacet
facet normal NaN NaN NaN
outer loop
vertex 8.776489e1 6.9331055e1 5.9604645e-8
vertex 8.87531e1 6.9331055e1 5.9604645e-8
vertex 8.8258995e1 6.9331055e1 5.9604645e-8
endloop
endfacet
facet normal NaN NaN NaN
outer loop
vertex 8.87531e1 6.9331055e1 5.9604645e-8
vertex 8.776489e1 6.9331055e1 5.9604645e-8
vertex 8.8258995e1 6.9331055e1 5.9604645e-8
endloop
endfacet
facet normal NaN NaN NaN
outer loop
vertex 8.87531e1 6.9331055e1 5.9604645e-8
vertex 8.97413e1 6.9331055e1 5.9604645e-8
vertex 8.92472e1 6.9331055e1 5.9604645e-8
endloop
endfacet
facet normal NaN NaN NaN
outer loop
vertex 8.97413e1 6.9331055e1 5.9604645e-8
vertex 8.87531e1 6.9331055e1 5.9604645e-8
vertex 8.92472e1 6.9331055e1 5.9604645e-8
endloop
endfacet
facet normal NaN NaN NaN
outer loop
vertex 8.97413e1 6.9331055e1 5.9604645e-8
vertex 9.0729515e1 6.9331055e1 5.9604645e-8
vertex 9.023541e1 6.9331055e1 5.9604645e-8
endloop
endfacet
facet normal NaN NaN NaN
outer loop
vertex 9.0729515e1 6.9331055e1 5.9604645e-8
vertex 8.97413e1 6.9331055e1 5.9604645e-8
vertex 9.023541e1 6.9331055e1 5.9604645e-8
endloop
endfacet
facet normal NaN NaN NaN
outer loop
vertex 9.0729515e1 6.9331055e1 5.9604645e-8
vertex 9.171773e1 6.9331055e1 5.9604645e-8
vertex 9.122362e1 6.9331055e1 5.9604645e-8
endloop
endfacet
facet normal NaN NaN NaN
outer loop
vertex 9.171773e1 6.9331055e1 5.9604645e-8
vertex 9.0729515e1 6.9331055e1 5.9604645e-8
vertex 9.122362e1 6.9331055e1 5.9604645e-8
endloop
endfacet
facet normal NaN NaN NaN
outer loop
vertex 9.171773e1 6.9331055e1 5.9604645e-8
vertex 9.270593e1 6.9331055e1 5.9604645e-8
vertex 9.221183e1 6.9331055e1 5.9604645e-8
endloop
endfacet
facet normal NaN NaN NaN
outer loop
vertex 9.270593e1 6.9331055e1 5.9604645e-8
vertex 9.171773e1 6.9331055e1 5.9604645e-8
vertex 9.221183e1 6.9331055e1 5.9604645e-8
endloop
endfacet
facet normal NaN NaN NaN
outer loop
vertex 9.270593e1 6.9331055e1 5.9604645e-8
vertex 9.369414e1 6.9331055e1 5.9604645e-8
vertex 9.3200035e1 6.9331055e1 5.9604645e-8
endloop
endfacet
facet normal NaN NaN NaN
outer loop
vertex 9.369414e1 6.9331055e1 5.9604645e-8
vertex 9.270593e1 6.9331055e1 5.9604645e-8
vertex 9.3200035e1 6.9331055e1 5.9604645e-8
endloop
endfacet
facet normal NaN NaN NaN
outer loop
vertex 9.369414e1 6.9331055e1 5.9604645e-8
vertex 9.468234e1 6.9331055e1 5.9604645e-8
vertex 9.418824e1 6.9331055e1 5.9604645e-8
endloop
endfacet
facet normal NaN NaN NaN
outer loop
vertex 9.468234e1 6.9331055e1 5.9604645e-8
vertex 9.369414e1 6.9331055e1 5.9604645e-8
vertex 9.418824e1 6.9331055e1 5.9604645e-8
endloop
endfacet
facet normal NaN NaN NaN
outer loop
vertex 9.468234e1 6.9331055e1 5.9604645e-8
vertex 9.5670555e1 6.9331055e1 5.9604645e-8
vertex 9.517645e1 6.9331055e1 5.9604645e-8
endloop
endfacet
facet normal NaN NaN NaN
outer loop
vertex 9.5670555e1 6.9331055e1 5.9604645e-8
vertex 9.468234e1 6.9331055e1 5.9604645e-8
vertex 9.517645e1 6.9331055e1 5.9604645e-8
endloop
endfacet
facet normal NaN NaN NaN
outer loop
vertex 9.5670555e1 6.9331055e1 5.9604645e-8
vertex 9.665876e1 6.9331055e1 5.9604645e-8
vertex 9.616466e1 6.9331055e1 5.9604645e-8
endloop
endfacet
facet normal NaN NaN NaN
outer loop
vertex 9.665876e1 6.9331055e1 5.9604645e-8
vertex 9.5670555e1 6.9331055e1 5.9604645e-8
vertex 9.616466e1 6.9331055e1 5.9604645e-8
endloop
endfacet
facet normal NaN NaN NaN
outer loop
vertex 9.665876e1 6.9331055e1 5.9604645e-8
vertex 9.764697e1 6.9331055e1 5.9604645e-8
vertex 9.715286e1 6.9331055e1 5.9604645e-8
endloop
endfacet
facet normal NaN NaN NaN
outer loop
vertex 9.764697e1 6.9331055e1 5.9604645e-8
vertex 9.665876e1 6.9331055e1 5.9604645e-8
vertex 9.715286e1 6.9331055e1 5.9604645e-8
endloop
endfacet
facet normal NaN NaN NaN
outer loop
vertex 9.764697e1 6.9331055e1 5.9604645e-8
vertex 9.863518e1 6.9331055e1 5.9604645e-8
vertex 9.8141075e1 6.9331055e1 5.9604645e-8
endloop
endfacet
facet normal NaN NaN NaN
outer loop
vertex 9.863518e1 6.9331055e1 5.9604645e-8
vertex 9.764697e1 6.9331055e1 5.9604645e-8
vertex 9.8141075e1 6.9331055e1 5.9604645e-8
endloop
endfacet
facet normal NaN NaN NaN
outer loop
vertex 9.863518e1 6.9331055e1 5.9604645e-8
vertex 9.962338e1 6.9331055e1 5.9604645e-8
vertex 9.912928e1 6.9331055e1 5.9604645e-8
endloop
endfacet
facet normal NaN NaN NaN
outer loop
vertex 9.962338e1 6.9331055e1 5.9604645e-8
vertex 9.863518e1 6.9331055e1 5.9604645e-8
vertex 9.912928e1 6.9331055e1 5.9604645e-8
endloop
endfacet
facet normal NaN NaN NaN
outer loop
vertex 9.962338e1 6.9331055e1 5.9604645e-8
vertex 1.0061159e2 6.9331055e1 5.9604645e-8
vertex 1.00117485e2 6.9331055e1 5.9604645e-8
endloop
endfacet
facet normal NaN NaN NaN
outer loop
vertex 1.0061159e2 6.9331055e1 5.9604645e-8
vertex 9.962338e1 6.9331055e1 5.9604645e-8
vertex 1.00117485e2 6.9331055e1 5.9604645e-8
endloop
endfacet
facet normal NaN NaN NaN
outer loop
vertex 1.0061159e2 6.9331055e1 5.9604645e-8
vertex 1.015998e2 6.9331055e1 5.9604645e-8
vertex 1.011057e2 6.9331055e1 5.9604645e-8
endloop
endfacet
facet normal NaN NaN NaN
outer loop
vertex 1.015998e2 6.9331055e1 5.9604645e-8
vertex 1.0061159e2 6.9331055e1 5.9604645e-8
vertex 1.011057e2 6.9331055e1 5.9604645e-8
endloop
endfacet
facet normal NaN NaN NaN
outer loop
vertex 1.015998e2 6.9331055e1 5.9604645e-8
vertex 1.0258801e2 6.9331055e1 5.9604645e-8
vertex 1.020939e2 6.9331055e1 5.9604645e-8
endloop
endfacet
facet normal NaN NaN NaN
outer loop
vertex 1.0258801e2 6.9331055e1 5.9604645e-8
vertex 1.015998e2 6.9331055e1 5.9604645e-8
vertex 1.020939e2 6.9331055e1 5.9604645e-8
endloop
endfacet
facet normal NaN NaN NaN
outer loop
vertex 1.0258801e2 6.9331055e1 5.9604645e-8
vertex 1.0357622e2 6.9331055e1 5.9604645e-8
vertex 1.03082115e2 6.9331055e1 5.9604645e-8
endloop
endfacet
facet normal NaN NaN NaN
outer loop
vertex 1.0357622e2 6.9331055e1 5.9604645e-8
vertex 1.0258801e2 6.9331055e1 5.9604645e-8
vertex 1.03082115e2 6.9331055e1 5.9604645e-8
endloop
endfacet
facet normal NaN NaN NaN
outer loop
vertex 1.0357622e2 6.9331055e1 5.9604645e-8
vertex 1.0456442e2 6.9331055e1 5.9604645e-8
vertex 1.0407032e2 6.9331055e1 5.9604645e-8
endloop
endfacet
facet normal NaN NaN NaN
outer loop
vertex 1.0456442e2 6.9331055e1 5.9604645e-8
vertex 1.0357622e2 6.9331055e1 5.9604645e-8
vertex 1.0407032e2 6.9331055e1 5.9604645e-8
endloop
endfacet
facet normal NaN NaN NaN
outer loop
vertex 1.0456442e2 6.9331055e1 5.9604645e-8
vertex 1.0555263e2 6.9331055e1 5.9604645e-8
vertex 1.05058525e2 6.9331055e1 5.9604645e-8
endloop
endfacet
facet normal NaN NaN NaN
outer loop
vertex 1.0555263e2 6.9331055e1 5.9604645e-8
vertex 1.0456442e2 6.9331055e1 5.9604645e-8
vertex 1.05058525e2 6.9331055e1 5.9604645e-8
endloop
endfacet
facet normal NaN NaN NaN
outer loop
vertex 1.0555263e2 6.9331055e1 5.9604645e-8
vertex 1.0654084e2 6.9331055e1 5.9604645e-8
vertex 1.0604674e2 6.9331055e1 5.9604645e-8
endloop
endfacet
facet normal NaN NaN NaN
outer loop
vertex 1.0654084e2 6.9331055e1 5.9604645e-8
vertex 1.0555263e2 6.9331055e1 5.9604645e-8
vertex 1.0604674e2 6.9331055e1 5.9604645e-8
endloop
endfacet
facet normal NaN NaN NaN
outer loop
vertex 1.0654084e2 6.9331055e1 5.9604645e-8
vertex 1.07529045e2 6.9331055e1 5.9604645e-8
vertex 1.0703494e2 6.9331055e1 5.9604645e-8
endloop
endfacet
facet normal NaN NaN NaN
outer loop
vertex 1.07529045e2 6.9331055e1 5.9604645e-8
vertex 1.0654084e2 6.9331055e1 5.9604645e-8
vertex 1.0703494e2 6.9331055e1 5.9604645e-8
endloop
endfacet
facet normal NaN NaN NaN
outer loop
vertex 1.07529045e2 6.9331055e1 5.9604645e-8
vertex 1.0851726e2 6.9331055e1 5.9604645e-8
vertex 1.0802315e2 6.9331055e1 5.9604645e-8
endloop
endfacet
facet normal NaN NaN NaN
outer loop
vertex 1.0851726e2 6.9331055e1 5.9604645e-8
vertex 1.07529045e2 6.9331055e1 5.9604645e-8
vertex 1.0802315e2 6.9331055e1 5.9604645e-8
endloop
endfacet
facet normal NaN NaN NaN
outer loop
vertex 1.0851726e2 6.9331055e1 5.9604645e-8
vertex 1.0950546e2 6.9331055e1 5.9604645e-8
vertex 1.0901136e2 6.9331055e1 5.9604645e-8
endloop
endfacet
facet normal NaN NaN NaN
outer loop
vertex 1.0950546e2 6.9331055e1 5.9604645e-8
vertex 1.0851726e2 6.9331055e1 5.9604645e-8
vertex 1.0901136e2 6.9331055e1 5.9604645e-8
endloop
endfacet
facet normal NaN NaN NaN
outer loop
vertex 5.811866e1 7.031651e1 5.9604645e-8
vertex 5.811866e1 6.9331055e1 5.9604645e-8
vertex 5.811866e1 6.9823784e1 5.9604645e-8
endloop
endfacet
facet normal NaN NaN NaN
outer loop
vertex 5.811866e1 6.9331055e1 5.9604645e-8
vertex 5.811866e1 7.031651e1 5.9604645e-8
vertex 5.811866e1 6.9823784e1 5.9604645e-8
endloop
endfacet
facet normal NaN NaN NaN
outer loop
vertex 8.282385e1 6.9331055e1 5.9604645e-8
vertex 8.282385e1 7.031651e1 5.9604645e-8
vertex 8.282385e1 6.9823784e1 5.9604645e-8
endloop
endfacet
facet normal NaN NaN NaN
outer loop
vertex 8.282385e1 7.031651e1 5.9604645e-8
vertex 8.282385e1 6.9331055e1 5.9604645e-8
vertex 8.282385e1 6.9823784e1 5.9604645e-8
endloop
endfacet
facet normal NaN NaN NaN
outer loop
vertex 8.776489e1 7.031651e1 5.9604645e-8
vertex 8.776489e1 6.9331055e1 5.9604645e-8
vertex 8.776489e1 6.9823784e1 5.9604645e-8
endloop
endfacet
facet normal NaN NaN NaN
outer loop
vertex 8.776489e1 6.9331055e1 5.9604645e-8
vertex 8.776489e1 7.031651e1 5.9604645e-8
vertex 8.776489e1 6.9823784e1 5.9604645e-8
endloop
endfacet
facet normal NaN NaN NaN
outer loop
vertex 1.0950546e2 6.9331055e1 5.9604645e-8
vertex 1.0950546e2 7.031651e1 5.9604645e-8
vertex 1.0950546e2 6.9823784e1 5.9604645e-8
endloop
endfacet
facet normal NaN NaN NaN
outer loop
vertex 1.0950546e2 7.031651e1 5.9604645e-8
vertex 1.0950546e2 6.9331055e1 5.9604645e-8
vertex 1.0950546e2 6.9823784e1 5.9604645e-8
endloop
endfacet
facet normal NaN NaN NaN
outer loop
vertex 5.811866e1 7.130196e1 5.9604645e-8
vertex 5.811866e1 7.031651e1 5.9604645e-8
vertex 5.811866e1 7.0809235e1 5.9604645e-8
endloop
endfacet
facet normal NaN NaN NaN
outer loop
vertex 5.811866e1 7.031651e1 5.9604645e-8
vertex 5.811866e1 7.130196e1 5.9604645e-8
vertex 5.811866e1 7.0809235e1 5.9604645e-8
endloop
endfacet
facet normal NaN NaN NaN
outer loop
vertex 8.282385e1 7.031651e1 5.9604645e-8
vertex 8.282385e1 7.130196e1 5.9604645e-8
vertex 8.282385e1 7.0809235e1 5.9604645e-8
endloop
endfacet
facet normal NaN NaN NaN
outer loop
vertex 8.282385e1 7.130196e1 5.9604645e-8
vertex 8.282385e1 7.031651e1 5.9604645e-8
vertex 8.282385e1 7.0809235e1 5.9604645e-8
endloop
endfacet
facet normal NaN NaN NaN
outer loop
vertex 8.776489e1 7.130196e1 5.9604645e-8
vertex 8.776489e1 7.031651e1 5.9604645e-8
vertex 8.776489e1 7.0809235e1 5.9604645e-8
endloop
endfacet
facet normal NaN NaN NaN
outer loop
vertex 8.776489e1 7.031651e1 5.9604645e-8
vertex 8.776489e1 7.130196e1 5.9604645e-8
vertex 8.776489e1 7.0809235e1 5.9604645e-8
endloop
endfacet
facet normal NaN NaN NaN
outer loop
vertex 1.0950546e2 7.031651e1 5.9604645e-8
vertex 1.0950546e2 7.130196e1 5.9604645e-8
vertex 1.0950546e2 7.0809235e1 5.9604645e-8
endloop
endfacet
facet normal NaN NaN NaN
outer loop
vertex 1.0950546e2 7.130196e1 5.9604645e-8
vertex 1.0950546e2 7.031651e1 5.9604645e-8
vertex 1.0950546e2 7.0809235e1 5.9604645e-8
endloop
endfacet
facet normal NaN NaN NaN
outer loop
vertex 5.811866e1 7.228742e1 5.9604645e-8
vertex 5.811866e1 7.130196e1 5.9604645e-8
vertex 5.811866e1 7.179469e1 5.9604645e-8
endloop
endfacet
facet normal NaN NaN NaN
outer loop
vertex 5.811866e1 7.130196e1 5.9604645e-8
vertex 5.811866e1 7.228742e1 5.9604645e-8
vertex 5.811866e1 7.179469e1 5.9604645e-8
endloop
endfacet
facet normal 0.0e0 0.0e0 -9.9999994e-1
outer loop
vertex 8.282385e1 7.130196e1 5.9604645e-8
vertex 8.282385e1 7.228742e1 5.9604645e-8
vertex 8.381206e1 7.228742e1 5.9604645e-8
endloop
endfacet
facet normal NaN NaN NaN
outer loop
vertex 8.381206e1 7.228742e1 5.9604645e-8
vertex 8.480027e1 7.228742e1 5.9604645e-8
vertex 8.430617e1 7.228742e1 5.9604645e-8
endloop
endfacet
facet normal NaN NaN NaN
outer loop
vertex 8.480027e1 7.228742e1 5.9604645e-8
vertex 8.381206e1 7.228742e1 5.9604645e-8
vertex 8.430617e1 7.228742e1 5.9604645e-8
endloop
endfacet
facet normal NaN NaN NaN
outer loop
vertex 8.480027e1 7.228742e1 5.9604645e-8
vertex 8.5788475e1 7.228742e1 5.9604645e-8
vertex 8.529437e1 7.228742e1 5.9604645e-8
endloop
endfacet
facet normal NaN NaN NaN
outer loop
vertex 8.5788475e1 7.228742e1 5.9604645e-8
vertex 8.480027e1 7.228742e1 5.9604645e-8
vertex 8.529437e1 7.228742e1 5.9604645e-8
endloop
endfacet
facet normal NaN NaN NaN
outer loop
vertex 8.5788475e1 7.228742e1 5.9604645e-8
vertex 8.677669e1 7.228742e1 5.9604645e-8
vertex 8.628258e1 7.228742e1 5.9604645e-8
endloop
endfacet
facet normal NaN NaN NaN
outer loop
vertex 8.677669e1 7.228742e1 5.9604645e-8
vertex 8.5788475e1 7.228742e1 5.9604645e-8
vertex 8.628258e1 7.228742e1 5.9604645e-8
endloop
endfacet
facet normal -0.0e0 -0.0e0 -9.9999994e-1
outer loop
vertex 8.776489e1 7.228742e1 5.9604645e-8
vertex 8.776489e1 7.130196e1 5.9604645e-8
vertex 8.677669e1 7.228742e1 5.9604645e-8
endloop
endfacet
facet normal NaN NaN NaN
outer loop
vertex 1.0950546e2 7.130196e1 5.9604645e-8
vertex 1.0950546e2 7.228742e1 5.9604645e-8
vertex 1.0950546e2 7.179469e1 5.9604645e-8
endloop
endfacet
facet normal NaN NaN NaN
outer loop
vertex 1.0950546e2 7.228742e1 5.9604645e-8
vertex 1.0950546e2 7.130196e1 5.9604645e-8
vertex 1.0950546e2 7.179469e1 5.9604645e-8
endloop
endfacet
facet normal NaN NaN NaN
outer loop
vertex 5.811866e1 7.327287e1 5.9604645e-8
vertex 5.811866e1 7.228742e1 5.9604645e-8
vertex 5.811866e1 7.278015e1 5.9604645e-8
endloop
endfacet
facet normal NaN NaN NaN
outer loop
vertex 5.811866e1 7.228742e1 5.9604645e-8
vertex 5.811866e1 7.327287e1 5.9604645e-8
vertex 5.811866e1 7.278015e1 5.9604645e-8
endloop
endfacet
facet normal NaN NaN NaN
outer loop
vertex 1.0950546e2 7.228742e1 5.9604645e-8
vertex 1.0950546e2 7.327287e1 5.9604645e-8
vertex 1.0950546e2 7.278015e1 5.9604645e-8
endloop
endfacet
facet normal NaN NaN NaN
outer loop
vertex 1.0950546e2 7.327287e1 5.9604645e-8
vertex 1.0950546e2 7.228742e1 5.9604645e-8
vertex 1.0950546e2 7.278015e1 5.9604645e-8
endloop
endfacet
facet normal NaN NaN NaN
outer loop
vertex 5.811866e1 7.425833e1 5.9604645e-8
vertex 5.811866e1 7.327287e1 5.9604645e-8
vertex 5.811866e1 7.37656e1 5.9604645e-8
endloop
endfacet
facet normal NaN NaN NaN
outer loop
vertex 5.811866e1 7.327287e1 5.9604645e-8
vertex 5.811866e1 7.425833e1 5.9604645e-8
vertex 5.811866e1 7.37656e1 5.9604645e-8
endloop
endfacet
facet normal NaN NaN NaN
outer loop
vertex 1.0950546e2 7.327287e1 5.9604645e-8
vertex 1.0950546e2 7.425833e1 5.9604645e-8
vertex 1.0950546e2 7.37656e1 5.9604645e-8
endloop
endfacet
facet normal NaN NaN NaN
outer loop
vertex 1.0950546e2 7.425833e1 5.9604645e-8
vertex 1.0950546e2 7.327287e1 5.9604645e-8
vertex 1.0950546e2 7.37656e1 5.9604645e-8
endloop
endfacet
facet normal NaN NaN NaN
outer loop
vertex 5.811866e1 7.524379e1 5.9604645e-8
vertex 5.811866e1 7.425833e1 5.9604645e-8
vertex 5.811866e1 7.475106e1 5.9604645e-8
endloop
endfacet
facet normal NaN NaN NaN
outer loop
vertex 5.811866e1 7.425833e1 5.9604645e-8
vertex 5.811866e1 7.524379e1 5.9604645e-8
vertex 5.811866e1 7.475106e1 5.9604645e-8
endloop
endfacet
facet normal NaN NaN NaN
outer loop
vertex 1.0950546e2 7.425833e1 5.9604645e-8
vertex 1.0950546e2 7.524379e1 5.9604645e-8
vertex 1.0950546e2 7.475106e1 5.9604645e-8
endloop
endfacet
facet normal NaN NaN NaN
outer loop
vertex 1.0950546e2 7.524379e1 5.9604645e-8
vertex 1.0950546e2 7.425833e1 5.9604645e-8
vertex 1.0950546e2 7.475106e1 5.9604645e-8
endloop
endfacet
facet normal NaN NaN NaN
outer loop
vertex 5.811866e1 7.622924e1 5.9604645e-8
vertex 5.811866e1 7.524379e1 5.9604645e-8
vertex 5.811866e1 7.573651e1 5.9604645e-8
endloop
endfacet
facet normal NaN NaN NaN
outer loop
vertex 5.811866e1 7.524379e1 5.9604645e-8
vertex 5.811866e1 7.622924e1 5.9604645e-8
vertex 5.811866e1 7.573651e1 5.9604645e-8
endloop
endfacet
facet normal NaN NaN NaN
outer loop
vertex 1.0950546e2 7.524379e1 5.9604645e-8
vertex 1.0950546e2 7.622924e1 5.9604645e-8
vertex 1.0950546e2 7.573651e1 5.9604645e-8
endloop
endfacet
facet normal NaN NaN NaN
outer loop
vertex 1.0950546e2 7.622924e1 5.9604645e-8
vertex 1.0950546e2 7.524379e1 5.9604645e-8
vertex 1.0950546e2 7.573651e1 5.9604645e-8
endloop
endfacet
facet normal NaN NaN NaN
outer loop
vertex 5.811866e1 7.72147e1 5.9604645e-8
vertex 5.811866e1 7.622924e1 5.9604645e-8
vertex 5.811866e1 7.672197e1 5.9604645e-8
endloop
endfacet
facet normal NaN NaN NaN
outer loop
vertex 5.811866e1 7.622924e1 5.9604645e-8
vertex 5.811866e1 7.72147e1 5.9604645e-8
vertex 5.811866e1 7.672197e1 5.9604645e-8
endloop
endfacet
facet normal 0.0e0 0.0e0 -9.9999994e-1
outer loop
vertex 8.282385e1 7.622924e1 5.9604645e-8
vertex 8.282385e1 7.72147e1 5.9604645e-8
vertex 8.381206e1 7.622924e1 5.9604645e-8
endloop
endfacet
facet normal NaN NaN NaN
outer loop
vertex 8.480027e1 7.622924e1 5.9604645e-8
vertex 8.381206e1 7.622924e1 5.9604645e-8
vertex 8.430617e1 7.622924e1 5.9604645e-8
endloop
endfacet
facet normal NaN NaN NaN
outer loop
vertex 8.381206e1 7.622924e1 5.9604645e-8
vertex 8.480027e1 7.622924e1 5.9604645e-8
vertex 8.430617e1 7.622924e1 5.9604645e-8
endloop
endfacet
facet normal NaN NaN NaN
outer loop
vertex 8.5788475e1 7.622924e1 5.9604645e-8
vertex 8.480027e1 7.622924e1 5.9604645e-8
vertex 8.529437e1 7.622924e1 5.9604645e-8
endloop
endfacet
facet normal NaN NaN NaN
outer loop
vertex 8.480027e1 7.622924e1 5.9604645e-8
vertex 8.5788475e1 7.622924e1 5.9604645e-8
vertex 8.529437e1 7.622924e1 5.9604645e-8
endloop
endfacet
facet normal 0.0e0 0.0e0 -1.0e0
outer loop
vertex 8.677669e1 7.622924e1 5.9604645e-8
vertex 8.5788475e1 7.622924e1 5.9604645e-8
vertex 8.6430855e1 7.657328e1 5.9604645e-8
endloop
endfacet
facet normal 0.0e0 0.0e0 -1.0e0
outer loop
vertex 8.677669e1 7.622924e1 5.9604645e-8
vertex 8.6430855e1 7.657328e1 5.9604645e-8
vertex 8.677669e1 7.72147e1 5.9604645e-8
endloop
endfacet
facet normal NaN NaN NaN
outer loop
vertex 1.0950546e2 7.622924e1 5.9604645e-8
vertex 1.0950546e2 7.72147e1 5.9604645e-8
vertex 1.0950546e2 7.672197e1 5.9604645e-8
endloop
endfacet
facet normal NaN NaN NaN
outer loop
vertex 1.0950546e2 7.72147e1 5.9604645e-8
vertex 1.0950546e2 7.622924e1 5.9604645e-8
vertex 1.0950546e2 7.672197e1 5.9604645e-8
endloop
endfacet
facet normal NaN NaN NaN
outer loop
vertex 5.811866e1 7.820015e1 5.9604645e-8
vertex 5.811866e1 7.72147e1 5.9604645e-8
vertex 5.811866e1 7.770743e1 5.9604645e-8
endloop
endfacet
facet normal NaN NaN NaN
outer loop
vertex 5.811866e1 7.72147e1 5.9604645e-8
vertex 5.811866e1 7.820015e1 5.9604645e-8
vertex 5.811866e1 7.770743e1 5.9604645e-8
endloop
endfacet
facet normal NaN NaN NaN
outer loop
vertex 8.282385e1 7.72147e1 5.9604645e-8
vertex 8.282385e1 7.820015e1 5.9604645e-8
vertex 8.282385e1 7.770743e1 5.9604645e-8
endloop
endfacet
facet normal NaN NaN NaN
outer loop
vertex 8.282385e1 7.820015e1 5.9604645e-8
vertex 8.282385e1 7.72147e1 5.9604645e-8
vertex 8.282385e1 7.770743e1 5.9604645e-8
endloop
endfacet
facet normal NaN NaN NaN
outer loop
vertex 8.776489e1 7.72147e1 5.9604645e-8
vertex 8.677669e1 7.72147e1 5.9604645e-8
vertex 8.727079e1 7.72147e1 5.9604645e-8
endloop
endfacet
facet normal NaN NaN NaN
outer loop
vertex 8.677669e1 7.72147e1 5.9604645e-8
vertex 8.776489e1 7.72147e1 5.9604645e-8
vertex 8.727079e1 7.72147e1 5.9604645e-8
endloop
endfacet
facet normal NaN NaN NaN
outer loop
vertex 8.87531e1 7.72147e1 5.9604645e-8
vertex 8.776489e1 7.72147e1 5.9604645e-8
vertex 8.8258995e1 7.72147e1 5.9604645e-8
endloop
endfacet
facet normal NaN NaN NaN
outer loop
vertex 8.776489e1 7.72147e1 5.9604645e-8
vertex 8.87531e1 7.72147e1 5.9604645e-8
vertex 8.8258995e1 7.72147e1 5.9604645e-8
endloop
endfacet
facet normal NaN NaN NaN
outer loop
vertex 8.97413e1 7.72147e1 5.9604645e-8
vertex 8.87531e1 7.72147e1 5.9604645e-8
vertex 8.92472e1 7.72147e1 5.9604645e-8
endloop
endfacet
facet normal NaN NaN NaN
outer loop
vertex 8.87531e1 7.72147e1 5.9604645e-8
vertex 8.97413e1 7.72147e1 5.9604645e-8
vertex 8.92472e1 7.72147e1 5.9604645e-8
endloop
endfacet
facet normal NaN NaN NaN
outer loop
vertex 9.0729515e1 7.72147e1 5.9604645e-8
vertex 8.97413e1 7.72147e1 5.9604645e-8
vertex 9.023541e1 7.72147e1 5.9604645e-8
endloop
endfacet
facet normal NaN NaN NaN
outer loop
vertex 8.97413e1 7.72147e1 5.9604645e-8
vertex 9.0729515e1 7.72147e1 5.9604645e-8
vertex 9.023541e1 7.72147e1 5.9604645e-8
endloop
endfacet
facet normal NaN NaN NaN
outer loop
vertex 9.171773e1 7.72147e1 5.9604645e-8
vertex 9.0729515e1 7.72147e1 5.9604645e-8
vertex 9.122362e1 7.72147e1 5.9604645e-8
endloop
endfacet
facet normal NaN NaN NaN
outer loop
vertex 9.0729515e1 7.72147e1 5.9604645e-8
vertex 9.171773e1 7.72147e1 5.9604645e-8
vertex 9.122362e1 7.72147e1 5.9604645e-8
endloop
endfacet
facet normal NaN NaN NaN
outer loop
vertex 9.270593e1 7.72147e1 5.9604645e-8
vertex 9.171773e1 7.72147e1 5.9604645e-8
vertex 9.221183e1 7.72147e1 5.9604645e-8
endloop
endfacet
facet normal NaN NaN NaN
outer loop
vertex 9.171773e1 7.72147e1 5.9604645e-8
vertex 9.270593e1 7.72147e1 5.9604645e-8
vertex 9.221183e1 7.72147e1 5.9604645e-8
endloop
endfacet
facet normal NaN NaN NaN
outer loop
vertex 9.369414e1 7.72147e1 5.9604645e-8
vertex 9.270593e1 7.72147e1 5.9604645e-8
vertex 9.3200035e1 7.72147e1 5.9604645e-8
endloop
endfacet
facet normal NaN NaN NaN
outer loop
vertex 9.270593e1 7.72147e1 5.9604645e-8
vertex 9.369414e1 7.72147e1 5.9604645e-8
vertex 9.3200035e1 7.72147e1 5.9604645e-8
endloop
endfacet
facet normal NaN NaN NaN
outer loop
vertex 9.468234e1 7.72147e1 5.9604645e-8
vertex 9.369414e1 7.72147e1 5.9604645e-8
vertex 9.418824e1 7.72147e1 5.9604645e-8
endloop
endfacet
facet normal NaN NaN NaN
outer loop
vertex 9.369414e1 7.72147e1 5.9604645e-8
vertex 9.468234e1 7.72147e1 5.9604645e-8
vertex 9.418824e1 7.72147e1 5.9604645e-8
endloop
endfacet
facet normal NaN NaN NaN
outer loop
vertex 9.5670555e1 7.72147e1 5.9604645e-8
vertex 9.468234e1 7.72147e1 5.9604645e-8
vertex 9.517645e1 7.72147e1 5.9604645e-8
endloop
endfacet
facet normal NaN NaN NaN
outer loop
vertex 9.468234e1 7.72147e1 5.9604645e-8
vertex 9.5670555e1 7.72147e1 5.9604645e-8
vertex 9.517645e1 7.72147e1 5.9604645e-8
endloop
endfacet
facet normal NaN NaN NaN
outer loop
vertex 9.665876e1 7.72147e1 5.9604645e-8
vertex 9.5670555e1 7.72147e1 5.9604645e-8
vertex 9.616466e1 7.72147e1 5.9604645e-8
endloop
endfacet
facet normal NaN NaN NaN
outer loop
vertex 9.5670555e1 7.72147e1 5.9604645e-8
vertex 9.665876e1 7.72147e1 5.9604645e-8
vertex 9.616466e1 7.72147e1 5.9604645e-8
endloop
endfacet
facet normal 0.0e0 -0.0e0 -1.0e0
outer loop
vertex 9.764697e1 7.820015e1 5.9604645e-8
vertex 9.764697e1 7.72147e1 5.9604645e-8
vertex 9.665876e1 7.72147e1 5.9604645e-8
endloop
endfacet
facet normal NaN NaN NaN
outer loop
vertex 1.0950546e2 7.72147e1 5.9604645e-8
vertex 1.0950546e2 7.820015e1 5.9604645e-8
vertex 1.0950546e2 7.770743e1 5.9604645e-8
endloop
endfacet
facet normal NaN NaN NaN
outer loop
vertex 1.0950546e2 7.820015e1 5.9604645e-8
vertex 1.0950546e2 7.72147e1 5.9604645e-8
vertex 1.0950546e2 7.770743e1 5.9604645e-8
endloop
endfacet
facet normal NaN NaN NaN
outer loop
vertex 5.811866e1 7.918561e1 5.9604645e-8
vertex 5.811866e1 7.820015e1 5.9604645e-8
vertex 5.811866e1 7.869288e1 5.9604645e-8
endloop
endfacet
facet normal NaN NaN NaN
outer loop
vertex 5.811866e1 7.820015e1 5.9604645e-8
vertex 5.811866e1 7.918561e1 5.9604645e-8
vertex 5.811866e1 7.869288e1 5.9604645e-8
endloop
endfacet
facet normal 0.0e0 0.0e0 -1.0e0
outer loop
vertex 6.4047905e1 7.820015e1 5.9604645e-8
vertex 6.4047905e1 7.918561e1 5.9604645e-8
vertex 6.413283e1 7.8817474e1 5.9604645e-8
endloop
endfacet
facet normal 0.0e0 0.0e0 -1.0e0
outer loop
vertex 6.4047905e1 7.820015e1 5.9604645e-8
vertex 6.413283e1 7.8817474e1 5.9604645e-8
vertex 6.4405785e1 7.8556274e1 5.9604645e-8
endloop
endfacet
facet normal 0.0e0 0.0e0 -1.0e0
outer loop
vertex 6.4047905e1 7.820015e1 5.9604645e-8
vertex 6.4405785e1 7.8556274e1 5.9604645e-8
vertex 6.503612e1 7.820015e1 5.9604645e-8
endloop
endfacet
facet normal NaN NaN NaN
outer loop
vertex 6.602432e1 7.820015e1 5.9604645e-8
vertex 6.503612e1 7.820015e1 5.9604645e-8
vertex 6.553022e1 7.820015e1 5.9604645e-8
endloop
endfacet
facet normal NaN NaN NaN
outer loop
vertex 6.503612e1 7.820015e1 5.9604645e-8
vertex 6.602432e1 7.820015e1 5.9604645e-8
vertex 6.553022e1 7.820015e1 5.9604645e-8
endloop
endfacet
facet normal NaN NaN NaN
outer loop
vertex 6.701253e1 7.820015e1 5.9604645e-8
vertex 6.602432e1 7.820015e1 5.9604645e-8
vertex 6.6518425e1 7.820015e1 5.9604645e-8
endloop
endfacet
facet normal NaN NaN NaN
outer loop
vertex 6.602432e1 7.820015e1 5.9604645e-8
vertex 6.701253e1 7.820015e1 5.9604645e-8
vertex 6.6518425e1 7.820015e1 5.9604645e-8
endloop
endfacet
facet normal NaN NaN NaN
outer loop
vertex 6.800074e1 7.820015e1 5.9604645e-8
vertex 6.701253e1 7.820015e1 5.9604645e-8
vertex 6.750664e1 7.820015e1 5.9604645e-8
endloop
endfacet
facet normal NaN NaN NaN
outer loop
vertex 6.701253e1 7.820015e1 5.9604645e-8
vertex 6.800074e1 7.820015e1 5.9604645e-8
vertex 6.750664e1 7.820015e1 5.9604645e-8
endloop
endfacet
facet normal 0.0e0 -0.0e0 -9.9999994e-1
outer loop
vertex 6.8988945e1 7.918561e1 5.9604645e-8
vertex 6.8988945e1 7.820015e1 5.9604645e-8
vertex 6.800074e1 7.820015e1 5.9604645e-8
endloop
endfacet
facet normal 0.0e0 0.0e0 -1.0e0
outer loop
vertex 7.195357e1 7.820015e1 5.9604645e-8
vertex 7.195357e1 7.918561e1 5.9604645e-8
vertex 7.238165e1 7.862668e1 5.9604645e-8
endloop
endfacet
facet normal 0.0e0 0.0e0 -9.9999994e-1
outer loop
vertex 7.195357e1 7.820015e1 5.9604645e-8
vertex 7.238165e1 7.862668e1 5.9604645e-8
vertex 7.294177e1 7.820015e1 5.9604645e-8
endloop
endfacet
facet normal NaN NaN NaN
outer loop
vertex 7.3929985e1 7.820015e1 5.9604645e-8
vertex 7.294177e1 7.820015e1 5.9604645e-8
vertex 7.343588e1 7.820015e1 5.9604645e-8
endloop
endfacet
facet normal NaN NaN NaN
outer loop
vertex 7.294177e1 7.820015e1 5.9604645e-8
vertex 7.3929985e1 7.820015e1 5.9604645e-8
vertex 7.343588e1 7.820015e1 5.9604645e-8
endloop
endfacet
facet normal NaN NaN NaN
outer loop
vertex 7.491819e1 7.820015e1 5.9604645e-8
vertex 7.3929985e1 7.820015e1 5.9604645e-8
vertex 7.442409e1 7.820015e1 5.9604645e-8
endloop
endfacet
facet normal NaN NaN NaN
outer loop
vertex 7.3929985e1 7.820015e1 5.9604645e-8
vertex 7.491819e1 7.820015e1 5.9604645e-8
vertex 7.442409e1 7.820015e1 5.9604645e-8
endloop
endfacet
facet normal NaN NaN NaN
outer loop
vertex 7.59064e1 7.820015e1 5.9604645e-8
vertex 7.491819e1 7.820015e1 5.9604645e-8
vertex 7.541229e1 7.820015e1 5.9604645e-8
endloop
endfacet
facet normal NaN NaN NaN
outer loop
vertex 7.491819e1 7.820015e1 5.9604645e-8
vertex 7.59064e1 7.820015e1 5.9604645e-8
vertex 7.541229e1 7.820015e1 5.9604645e-8
endloop
endfacet
facet normal NaN NaN NaN
outer loop
vertex 7.689461e1 7.820015e1 5.9604645e-8
vertex 7.59064e1 7.820015e1 5.9604645e-8
vertex 7.6400505e1 7.820015e1 5.9604645e-8
endloop
endfacet
facet normal NaN NaN NaN
outer loop
vertex 7.59064e1 7.820015e1 5.9604645e-8
vertex 7.689461e1 7.820015e1 5.9604645e-8
vertex 7.6400505e1 7.820015e1 5.9604645e-8
endloop
endfacet
facet normal NaN NaN NaN
outer loop
vertex 7.788281e1 7.820015e1 5.9604645e-8
vertex 7.689461e1 7.820015e1 5.9604645e-8
vertex 7.738871e1 7.820015e1 5.9604645e-8
endloop
endfacet
facet normal NaN NaN NaN
outer loop
vertex 7.689461e1 7.820015e1 5.9604645e-8
vertex 7.788281e1 7.820015e1 5.9604645e-8
vertex 7.738871e1 7.820015e1 5.9604645e-8
endloop
endfacet
facet normal 0.0e0 0.0e0 -1.0e0
outer loop
vertex 7.8871025e1 7.820015e1 5.9604645e-8
vertex 7.788281e1 7.820015e1 5.9604645e-8
vertex 7.842969e1 7.863997e1 5.9604645e-8
endloop
