solid ImplictCADExport
facet normal NaN NaN NaN
outer loop
vertex 5.8079094e1 8.797373e1 -2.3841858e-7
vertex 5.9056366e1 8.797373e1 -2.3841858e-7
vertex 5.856773e1 8.797373e1 -2.3841858e-7
endloop
endfacet
facet normal NaN NaN NaN
outer loop
vertex 5.9056366e1 8.797373e1 -2.3841858e-7
vertex 5.8079094e1 8.797373e1 -2.3841858e-7
vertex 5.856773e1 8.797373e1 -2.3841858e-7
endloop
endfacet
facet normal NaN NaN NaN
outer loop
vertex 5.9056366e1 8.797373e1 -2.3841858e-7
vertex 6.003363e1 8.797373e1 -2.3841858e-7
vertex 5.9545e1 8.797373e1 -2.3841858e-7
endloop
endfacet
facet normal NaN NaN NaN
outer loop
vertex 6.003363e1 8.797373e1 -2.3841858e-7
vertex 5.9056366e1 8.797373e1 -2.3841858e-7
vertex 5.9545e1 8.797373e1 -2.3841858e-7
endloop
endfacet
facet normal NaN NaN NaN
outer loop
vertex 6.003363e1 8.797373e1 -2.3841858e-7
vertex 6.1010902e1 8.797373e1 -2.3841858e-7
vertex 6.0522266e1 8.797373e1 -2.3841858e-7
endloop
endfacet
facet normal NaN NaN NaN
outer loop
vertex 6.1010902e1 8.797373e1 -2.3841858e-7
vertex 6.003363e1 8.797373e1 -2.3841858e-7
vertex 6.0522266e1 8.797373e1 -2.3841858e-7
endloop
endfacet
facet normal NaN NaN NaN
outer loop
vertex 6.1010902e1 8.797373e1 -2.3841858e-7
vertex 6.198817e1 8.797373e1 -2.3841858e-7
vertex 6.1499535e1 8.797373e1 -2.3841858e-7
endloop
endfacet
facet normal NaN NaN NaN
outer loop
vertex 6.198817e1 8.797373e1 -2.3841858e-7
vertex 6.1010902e1 8.797373e1 -2.3841858e-7
vertex 6.1499535e1 8.797373e1 -2.3841858e-7
endloop
endfacet
facet normal NaN NaN NaN
outer loop
vertex 6.198817e1 8.797373e1 -2.3841858e-7
vertex 6.296544e1 8.797373e1 -2.3841858e-7
vertex 6.2476807e1 8.797373e1 -2.3841858e-7
endloop
endfacet
facet normal NaN NaN NaN
outer loop
vertex 6.296544e1 8.797373e1 -2.3841858e-7
vertex 6.198817e1 8.797373e1 -2.3841858e-7
vertex 6.2476807e1 8.797373e1 -2.3841858e-7
endloop
endfacet
facet normal NaN NaN NaN
outer loop
vertex 6.296544e1 8.797373e1 -2.3841858e-7
vertex 6.3942707e1 8.797373e1 -2.3841858e-7
vertex 6.345407e1 8.797373e1 -2.3841858e-7
endloop
endfacet
facet normal NaN NaN NaN
outer loop
vertex 6.3942707e1 8.797373e1 -2.3841858e-7
vertex 6.296544e1 8.797373e1 -2.3841858e-7
vertex 6.345407e1 8.797373e1 -2.3841858e-7
endloop
endfacet
facet normal NaN NaN NaN
outer loop
vertex 6.3942707e1 8.797373e1 -2.3841858e-7
vertex 6.4919975e1 8.797373e1 -2.3841858e-7
vertex 6.443134e1 8.797373e1 -2.3841858e-7
endloop
endfacet
facet normal NaN NaN NaN
outer loop
vertex 6.4919975e1 8.797373e1 -2.3841858e-7
vertex 6.3942707e1 8.797373e1 -2.3841858e-7
vertex 6.443134e1 8.797373e1 -2.3841858e-7
endloop
endfacet
facet normal NaN NaN NaN
outer loop
vertex 6.4919975e1 8.797373e1 -2.3841858e-7
vertex 6.589725e1 8.797373e1 -2.3841858e-7
vertex 6.5408615e1 8.797373e1 -2.3841858e-7
endloop
endfacet
facet normal NaN NaN NaN
outer loop
vertex 6.589725e1 8.797373e1 -2.3841858e-7
vertex 6.4919975e1 8.797373e1 -2.3841858e-7
vertex 6.5408615e1 8.797373e1 -2.3841858e-7
endloop
endfacet
facet normal NaN NaN NaN
outer loop
vertex 6.589725e1 8.797373e1 -2.3841858e-7
vertex 6.687451e1 8.797373e1 -2.3841858e-7
vertex 6.638588e1 8.797373e1 -2.3841858e-7
endloop
endfacet
facet normal NaN NaN NaN
outer loop
vertex 6.687451e1 8.797373e1 -2.3841858e-7
vertex 6.589725e1 8.797373e1 -2.3841858e-7
vertex 6.638588e1 8.797373e1 -2.3841858e-7
endloop
endfacet
facet normal NaN NaN NaN
outer loop
vertex 6.687451e1 8.797373e1 -2.3841858e-7
vertex 6.785178e1 8.797373e1 -2.3841858e-7
vertex 6.7363144e1 8.797373e1 -2.3841858e-7
endloop
endfacet
facet normal NaN NaN NaN
outer loop
vertex 6.785178e1 8.797373e1 -2.3841858e-7
vertex 6.687451e1 8.797373e1 -2.3841858e-7
vertex 6.7363144e1 8.797373e1 -2.3841858e-7
endloop
endfacet
facet normal NaN NaN NaN
outer loop
vertex 6.785178e1 8.797373e1 -2.3841858e-7
vertex 6.8829056e1 8.797373e1 -2.3841858e-7
vertex 6.834042e1 8.797373e1 -2.3841858e-7
endloop
endfacet
facet normal NaN NaN NaN
outer loop
vertex 6.8829056e1 8.797373e1 -2.3841858e-7
vertex 6.785178e1 8.797373e1 -2.3841858e-7
vertex 6.834042e1 8.797373e1 -2.3841858e-7
endloop
endfacet
facet normal NaN NaN NaN
outer loop
vertex 6.8829056e1 8.797373e1 -2.3841858e-7
vertex 6.980632e1 8.797373e1 -2.3841858e-7
vertex 6.931769e1 8.797373e1 -2.3841858e-7
endloop
endfacet
facet normal NaN NaN NaN
outer loop
vertex 6.980632e1 8.797373e1 -2.3841858e-7
vertex 6.8829056e1 8.797373e1 -2.3841858e-7
vertex 6.931769e1 8.797373e1 -2.3841858e-7
endloop
endfacet
facet normal NaN NaN NaN
outer loop
vertex 6.980632e1 8.797373e1 -2.3841858e-7
vertex 7.078359e1 8.797373e1 -2.3841858e-7
vertex 7.029495e1 8.797373e1 -2.3841858e-7
endloop
endfacet
facet normal NaN NaN NaN
outer loop
vertex 7.078359e1 8.797373e1 -2.3841858e-7
vertex 6.980632e1 8.797373e1 -2.3841858e-7
vertex 7.029495e1 8.797373e1 -2.3841858e-7
endloop
endfacet
facet normal NaN NaN NaN
outer loop
vertex 7.078359e1 8.797373e1 -2.3841858e-7
vertex 7.176086e1 8.797373e1 -2.3841858e-7
vertex 7.1272224e1 8.797373e1 -2.3841858e-7
endloop
endfacet
facet normal NaN NaN NaN
outer loop
vertex 7.176086e1 8.797373e1 -2.3841858e-7
vertex 7.078359e1 8.797373e1 -2.3841858e-7
vertex 7.1272224e1 8.797373e1 -2.3841858e-7
endloop
endfacet
facet normal NaN NaN NaN
outer loop
vertex 7.176086e1 8.797373e1 -2.3841858e-7
vertex 7.273813e1 8.797373e1 -2.3841858e-7
vertex 7.22495e1 8.797373e1 -2.3841858e-7
endloop
endfacet
facet normal NaN NaN NaN
outer loop
vertex 7.273813e1 8.797373e1 -2.3841858e-7
vertex 7.176086e1 8.797373e1 -2.3841858e-7
vertex 7.22495e1 8.797373e1 -2.3841858e-7
endloop
endfacet
facet normal NaN NaN NaN
outer loop
vertex 7.273813e1 8.797373e1 -2.3841858e-7
vertex 7.371539e1 8.797373e1 -2.3841858e-7
vertex 7.322676e1 8.797373e1 -2.3841858e-7
endloop
endfacet
facet normal NaN NaN NaN
outer loop
vertex 7.371539e1 8.797373e1 -2.3841858e-7
vertex 7.273813e1 8.797373e1 -2.3841858e-7
vertex 7.322676e1 8.797373e1 -2.3841858e-7
endloop
endfacet
facet normal NaN NaN NaN
outer loop
vertex 7.371539e1 8.797373e1 -2.3841858e-7
vertex 7.4692665e1 8.797373e1 -2.3841858e-7
vertex 7.4204025e1 8.797373e1 -2.3841858e-7
endloop
endfacet
facet normal NaN NaN NaN
outer loop
vertex 7.4692665e1 8.797373e1 -2.3841858e-7
vertex 7.371539e1 8.797373e1 -2.3841858e-7
vertex 7.4204025e1 8.797373e1 -2.3841858e-7
endloop
endfacet
facet normal NaN NaN NaN
outer loop
vertex 7.4692665e1 8.797373e1 -2.3841858e-7
vertex 7.566994e1 8.797373e1 -2.3841858e-7
vertex 7.5181305e1 8.797373e1 -2.3841858e-7
endloop
endfacet
facet normal NaN NaN NaN
outer loop
vertex 7.566994e1 8.797373e1 -2.3841858e-7
vertex 7.4692665e1 8.797373e1 -2.3841858e-7
vertex 7.5181305e1 8.797373e1 -2.3841858e-7
endloop
endfacet
facet normal NaN NaN NaN
outer loop
vertex 7.566994e1 8.797373e1 -2.3841858e-7
vertex 7.66472e1 8.797373e1 -2.3841858e-7
vertex 7.615857e1 8.797373e1 -2.3841858e-7
endloop
endfacet
facet normal NaN NaN NaN
outer loop
vertex 7.66472e1 8.797373e1 -2.3841858e-7
vertex 7.566994e1 8.797373e1 -2.3841858e-7
vertex 7.615857e1 8.797373e1 -2.3841858e-7
endloop
endfacet
facet normal NaN NaN NaN
outer loop
vertex 7.66472e1 8.797373e1 -2.3841858e-7
vertex 7.762447e1 8.797373e1 -2.3841858e-7
vertex 7.713583e1 8.797373e1 -2.3841858e-7
endloop
endfacet
facet normal NaN NaN NaN
outer loop
vertex 7.762447e1 8.797373e1 -2.3841858e-7
vertex 7.66472e1 8.797373e1 -2.3841858e-7
vertex 7.713583e1 8.797373e1 -2.3841858e-7
endloop
endfacet
facet normal NaN NaN NaN
outer loop
vertex 7.762447e1 8.797373e1 -2.3841858e-7
vertex 7.860174e1 8.797373e1 -2.3841858e-7
vertex 7.8113106e1 8.797373e1 -2.3841858e-7
endloop
endfacet
facet normal NaN NaN NaN
outer loop
vertex 7.860174e1 8.797373e1 -2.3841858e-7
vertex 7.762447e1 8.797373e1 -2.3841858e-7
vertex 7.8113106e1 8.797373e1 -2.3841858e-7
endloop
endfacet
facet normal NaN NaN NaN
outer loop
vertex 5.8079094e1 8.894742e1 -2.3841858e-7
vertex 5.8079094e1 8.797373e1 -2.3841858e-7
vertex 5.8079094e1 8.846057e1 -2.3841858e-7
endloop
endfacet
facet normal NaN NaN NaN
outer loop
vertex 5.8079094e1 8.797373e1 -2.3841858e-7
vertex 5.8079094e1 8.894742e1 -2.3841858e-7
vertex 5.8079094e1 8.846057e1 -2.3841858e-7
endloop
endfacet
facet normal NaN NaN NaN
outer loop
vertex 7.860174e1 8.797373e1 -2.3841858e-7
vertex 7.860174e1 8.894742e1 -2.3841858e-7
vertex 7.860174e1 8.846057e1 -2.3841858e-7
endloop
endfacet
facet normal NaN NaN NaN
outer loop
vertex 7.860174e1 8.894742e1 -2.3841858e-7
vertex 7.860174e1 8.797373e1 -2.3841858e-7
vertex 7.860174e1 8.846057e1 -2.3841858e-7
endloop
endfacet
facet normal NaN NaN NaN
outer loop
vertex 5.8079094e1 8.992111e1 -2.3841858e-7
vertex 5.8079094e1 8.894742e1 -2.3841858e-7
vertex 5.8079094e1 8.9434265e1 -2.3841858e-7
endloop
endfacet
facet normal NaN NaN NaN
outer loop
vertex 5.8079094e1 8.894742e1 -2.3841858e-7
vertex 5.8079094e1 8.992111e1 -2.3841858e-7
vertex 5.8079094e1 8.9434265e1 -2.3841858e-7
endloop
endfacet
facet normal NaN NaN NaN
outer loop
vertex 7.860174e1 8.894742e1 -2.3841858e-7
vertex 7.860174e1 8.992111e1 -2.3841858e-7
vertex 7.860174e1 8.9434265e1 -2.3841858e-7
endloop
endfacet
facet normal NaN NaN NaN
outer loop
vertex 7.860174e1 8.992111e1 -2.3841858e-7
vertex 7.860174e1 8.894742e1 -2.3841858e-7
vertex 7.860174e1 8.9434265e1 -2.3841858e-7
endloop
endfacet
facet normal NaN NaN NaN
outer loop
vertex 5.8079094e1 9.08948e1 -2.3841858e-7
vertex 5.8079094e1 8.992111e1 -2.3841858e-7
vertex 5.8079094e1 9.040796e1 -2.3841858e-7
endloop
endfacet
facet normal NaN NaN NaN
outer loop
vertex 5.8079094e1 8.992111e1 -2.3841858e-7
vertex 5.8079094e1 9.08948e1 -2.3841858e-7
vertex 5.8079094e1 9.040796e1 -2.3841858e-7
endloop
endfacet
facet normal NaN NaN NaN
outer loop
vertex 7.860174e1 8.992111e1 -2.3841858e-7
vertex 7.860174e1 9.08948e1 -2.3841858e-7
vertex 7.860174e1 9.040796e1 -2.3841858e-7
endloop
endfacet
facet normal NaN NaN NaN
outer loop
vertex 7.860174e1 9.08948e1 -2.3841858e-7
vertex 7.860174e1 8.992111e1 -2.3841858e-7
vertex 7.860174e1 9.040796e1 -2.3841858e-7
endloop
endfacet
facet normal NaN NaN NaN
outer loop
vertex 5.8079094e1 9.1868484e1 -2.3841858e-7
vertex 5.8079094e1 9.08948e1 -2.3841858e-7
vertex 5.8079094e1 9.138164e1 -2.3841858e-7
endloop
endfacet
facet normal NaN NaN NaN
outer loop
vertex 5.8079094e1 9.08948e1 -2.3841858e-7
vertex 5.8079094e1 9.1868484e1 -2.3841858e-7
vertex 5.8079094e1 9.138164e1 -2.3841858e-7
endloop
endfacet
facet normal NaN NaN NaN
outer loop
vertex 7.860174e1 9.08948e1 -2.3841858e-7
vertex 7.860174e1 9.1868484e1 -2.3841858e-7
vertex 7.860174e1 9.138164e1 -2.3841858e-7
endloop
endfacet
facet normal NaN NaN NaN
outer loop
vertex 7.860174e1 9.1868484e1 -2.3841858e-7
vertex 7.860174e1 9.08948e1 -2.3841858e-7
vertex 7.860174e1 9.138164e1 -2.3841858e-7
endloop
endfacet
facet normal NaN NaN NaN
outer loop
vertex 5.8079094e1 9.284217e1 -2.3841858e-7
vertex 5.8079094e1 9.1868484e1 -2.3841858e-7
vertex 5.8079094e1 9.235533e1 -2.3841858e-7
endloop
endfacet
facet normal NaN NaN NaN
outer loop
vertex 5.8079094e1 9.1868484e1 -2.3841858e-7
vertex 5.8079094e1 9.284217e1 -2.3841858e-7
vertex 5.8079094e1 9.235533e1 -2.3841858e-7
endloop
endfacet
facet normal NaN NaN NaN
outer loop
vertex 7.860174e1 9.1868484e1 -2.3841858e-7
vertex 7.860174e1 9.284217e1 -2.3841858e-7
vertex 7.860174e1 9.235533e1 -2.3841858e-7
endloop
endfacet
facet normal NaN NaN NaN
outer loop
vertex 7.860174e1 9.284217e1 -2.3841858e-7
vertex 7.860174e1 9.1868484e1 -2.3841858e-7
vertex 7.860174e1 9.235533e1 -2.3841858e-7
endloop
endfacet
facet normal NaN NaN NaN
outer loop
vertex 5.8079094e1 9.381586e1 -2.3841858e-7
vertex 5.8079094e1 9.284217e1 -2.3841858e-7
vertex 5.8079094e1 9.332901e1 -2.3841858e-7
endloop
endfacet
facet normal NaN NaN NaN
outer loop
vertex 5.8079094e1 9.284217e1 -2.3841858e-7
vertex 5.8079094e1 9.381586e1 -2.3841858e-7
vertex 5.8079094e1 9.332901e1 -2.3841858e-7
endloop
endfacet
facet normal NaN NaN NaN
outer loop
vertex 7.860174e1 9.284217e1 -2.3841858e-7
vertex 7.860174e1 9.381586e1 -2.3841858e-7
vertex 7.860174e1 9.332901e1 -2.3841858e-7
endloop
endfacet
facet normal NaN NaN NaN
outer loop
vertex 7.860174e1 9.381586e1 -2.3841858e-7
vertex 7.860174e1 9.284217e1 -2.3841858e-7
vertex 7.860174e1 9.332901e1 -2.3841858e-7
endloop
endfacet
facet normal NaN NaN NaN
outer loop
vertex 5.8079094e1 9.478954e1 -2.3841858e-7
vertex 5.8079094e1 9.381586e1 -2.3841858e-7
vertex 5.8079094e1 9.4302704e1 -2.3841858e-7
endloop
endfacet
facet normal NaN NaN NaN
outer loop
vertex 5.8079094e1 9.381586e1 -2.3841858e-7
vertex 5.8079094e1 9.478954e1 -2.3841858e-7
vertex 5.8079094e1 9.4302704e1 -2.3841858e-7
endloop
endfacet
facet normal NaN NaN NaN
outer loop
vertex 7.860174e1 9.381586e1 -2.3841858e-7
vertex 7.860174e1 9.478954e1 -2.3841858e-7
vertex 7.860174e1 9.4302704e1 -2.3841858e-7
endloop
endfacet
facet normal NaN NaN NaN
outer loop
vertex 7.860174e1 9.478954e1 -2.3841858e-7
vertex 7.860174e1 9.381586e1 -2.3841858e-7
vertex 7.860174e1 9.4302704e1 -2.3841858e-7
endloop
endfacet
facet normal NaN NaN NaN
outer loop
vertex 5.8079094e1 9.576323e1 -2.3841858e-7
vertex 5.8079094e1 9.478954e1 -2.3841858e-7
vertex 5.8079094e1 9.527638e1 -2.3841858e-7
endloop
endfacet
facet normal NaN NaN NaN
outer loop
vertex 5.8079094e1 9.478954e1 -2.3841858e-7
vertex 5.8079094e1 9.576323e1 -2.3841858e-7
vertex 5.8079094e1 9.527638e1 -2.3841858e-7
endloop
endfacet
facet normal NaN NaN NaN
outer loop
vertex 7.860174e1 9.478954e1 -2.3841858e-7
vertex 7.860174e1 9.576323e1 -2.3841858e-7
vertex 7.860174e1 9.527638e1 -2.3841858e-7
endloop
endfacet
facet normal NaN NaN NaN
outer loop
vertex 7.860174e1 9.576323e1 -2.3841858e-7
vertex 7.860174e1 9.478954e1 -2.3841858e-7
vertex 7.860174e1 9.527638e1 -2.3841858e-7
endloop
endfacet
facet normal NaN NaN NaN
outer loop
vertex 5.8079094e1 9.6736916e1 -2.3841858e-7
vertex 5.8079094e1 9.576323e1 -2.3841858e-7
vertex 5.8079094e1 9.625008e1 -2.3841858e-7
endloop
endfacet
facet normal NaN NaN NaN
outer loop
vertex 5.8079094e1 9.576323e1 -2.3841858e-7
vertex 5.8079094e1 9.6736916e1 -2.3841858e-7
vertex 5.8079094e1 9.625008e1 -2.3841858e-7
endloop
endfacet
facet normal NaN NaN NaN
outer loop
vertex 7.860174e1 9.576323e1 -2.3841858e-7
vertex 7.860174e1 9.6736916e1 -2.3841858e-7
vertex 7.860174e1 9.625008e1 -2.3841858e-7
endloop
endfacet
facet normal NaN NaN NaN
outer loop
vertex 7.860174e1 9.6736916e1 -2.3841858e-7
vertex 7.860174e1 9.576323e1 -2.3841858e-7
vertex 7.860174e1 9.625008e1 -2.3841858e-7
endloop
endfacet
facet normal NaN NaN NaN
outer loop
vertex 5.8079094e1 9.77106e1 -2.3841858e-7
vertex 5.8079094e1 9.6736916e1 -2.3841858e-7
vertex 5.8079094e1 9.7223755e1 -2.3841858e-7
endloop
endfacet
facet normal NaN NaN NaN
outer loop
vertex 5.8079094e1 9.6736916e1 -2.3841858e-7
vertex 5.8079094e1 9.77106e1 -2.3841858e-7
vertex 5.8079094e1 9.7223755e1 -2.3841858e-7
endloop
endfacet
facet normal NaN NaN NaN
outer loop
vertex 7.860174e1 9.6736916e1 -2.3841858e-7
vertex 7.860174e1 9.77106e1 -2.3841858e-7
vertex 7.860174e1 9.7223755e1 -2.3841858e-7
endloop
endfacet
facet normal NaN NaN NaN
outer loop
vertex 7.860174e1 9.77106e1 -2.3841858e-7
vertex 7.860174e1 9.6736916e1 -2.3841858e-7
vertex 7.860174e1 9.7223755e1 -2.3841858e-7
endloop
endfacet
facet normal NaN NaN NaN
outer loop
vertex 5.8079094e1 9.868429e1 -2.3841858e-7
vertex 5.8079094e1 9.77106e1 -2.3841858e-7
vertex 5.8079094e1 9.819745e1 -2.3841858e-7
endloop
endfacet
facet normal NaN NaN NaN
outer loop
vertex 5.8079094e1 9.77106e1 -2.3841858e-7
vertex 5.8079094e1 9.868429e1 -2.3841858e-7
vertex 5.8079094e1 9.819745e1 -2.3841858e-7
endloop
endfacet
facet normal NaN NaN NaN
outer loop
vertex 7.860174e1 9.77106e1 -2.3841858e-7
vertex 7.860174e1 9.868429e1 -2.3841858e-7
vertex 7.860174e1 9.819745e1 -2.3841858e-7
endloop
endfacet
facet normal NaN NaN NaN
outer loop
vertex 7.860174e1 9.868429e1 -2.3841858e-7
vertex 7.860174e1 9.77106e1 -2.3841858e-7
vertex 7.860174e1 9.819745e1 -2.3841858e-7
endloop
endfacet
facet normal NaN NaN NaN
outer loop
vertex 5.8079094e1 9.9657974e1 -2.3841858e-7
vertex 5.8079094e1 9.868429e1 -2.3841858e-7
vertex 5.8079094e1 9.917113e1 -2.3841858e-7
endloop
endfacet
facet normal NaN NaN NaN
outer loop
vertex 5.8079094e1 9.868429e1 -2.3841858e-7
vertex 5.8079094e1 9.9657974e1 -2.3841858e-7
vertex 5.8079094e1 9.917113e1 -2.3841858e-7
endloop
endfacet
facet normal NaN NaN NaN
outer loop
vertex 7.860174e1 9.868429e1 -2.3841858e-7
vertex 7.860174e1 9.9657974e1 -2.3841858e-7
vertex 7.860174e1 9.917113e1 -2.3841858e-7
endloop
endfacet
facet normal NaN NaN NaN
outer loop
vertex 7.860174e1 9.9657974e1 -2.3841858e-7
vertex 7.860174e1 9.868429e1 -2.3841858e-7
vertex 7.860174e1 9.917113e1 -2.3841858e-7
endloop
endfacet
facet normal NaN NaN NaN
outer loop
vertex 5.8079094e1 1.0063167e2 -2.3841858e-7
vertex 5.8079094e1 9.9657974e1 -2.3841858e-7
vertex 5.8079094e1 1.0014482e2 -2.3841858e-7
endloop
endfacet
facet normal NaN NaN NaN
outer loop
vertex 5.8079094e1 9.9657974e1 -2.3841858e-7
vertex 5.8079094e1 1.0063167e2 -2.3841858e-7
vertex 5.8079094e1 1.0014482e2 -2.3841858e-7
endloop
endfacet
facet normal NaN NaN NaN
outer loop
vertex 7.860174e1 9.9657974e1 -2.3841858e-7
vertex 7.860174e1 1.0063167e2 -2.3841858e-7
vertex 7.860174e1 1.0014482e2 -2.3841858e-7
endloop
endfacet
facet normal NaN NaN NaN
outer loop
vertex 7.860174e1 1.0063167e2 -2.3841858e-7
vertex 7.860174e1 9.9657974e1 -2.3841858e-7
vertex 7.860174e1 1.0014482e2 -2.3841858e-7
endloop
endfacet
facet normal NaN NaN NaN
outer loop
vertex 5.417002e1 1.0160535e2 -2.3841858e-7
vertex 5.514729e1 1.0160535e2 -2.3841858e-7
vertex 5.4658653e1 1.0160535e2 -2.3841858e-7
endloop
endfacet
facet normal NaN NaN NaN
outer loop
vertex 5.514729e1 1.0160535e2 -2.3841858e-7
vertex 5.417002e1 1.0160535e2 -2.3841858e-7
vertex 5.4658653e1 1.0160535e2 -2.3841858e-7
endloop
endfacet
facet normal NaN NaN NaN
outer loop
vertex 5.514729e1 1.0160535e2 -2.3841858e-7
vertex 5.6124557e1 1.0160535e2 -2.3841858e-7
vertex 5.5635925e1 1.0160535e2 -2.3841858e-7
endloop
endfacet
facet normal NaN NaN NaN
outer loop
vertex 5.6124557e1 1.0160535e2 -2.3841858e-7
vertex 5.514729e1 1.0160535e2 -2.3841858e-7
vertex 5.5635925e1 1.0160535e2 -2.3841858e-7
endloop
endfacet
facet normal NaN NaN NaN
outer loop
vertex 5.6124557e1 1.0160535e2 -2.3841858e-7
vertex 5.7101826e1 1.0160535e2 -2.3841858e-7
vertex 5.661319e1 1.0160535e2 -2.3841858e-7
endloop
endfacet
facet normal NaN NaN NaN
outer loop
vertex 5.7101826e1 1.0160535e2 -2.3841858e-7
vertex 5.6124557e1 1.0160535e2 -2.3841858e-7
vertex 5.661319e1 1.0160535e2 -2.3841858e-7
endloop
endfacet
facet normal -0.0e0 -0.0e0 -9.9999994e-1
outer loop
vertex 5.8079094e1 1.0160535e2 -2.3841858e-7
vertex 5.8079094e1 1.0063167e2 -2.3841858e-7
vertex 5.7101826e1 1.0160535e2 -2.3841858e-7
endloop
endfacet
facet normal 0.0e0 0.0e0 -1.0e0
outer loop
vertex 7.860174e1 1.0063167e2 -2.3841858e-7
vertex 7.860174e1 1.0160535e2 -2.3841858e-7
vertex 7.957901e1 1.0160535e2 -2.3841858e-7
endloop
endfacet
facet normal NaN NaN NaN
outer loop
vertex 7.957901e1 1.0160535e2 -2.3841858e-7
vertex 8.0556274e1 1.0160535e2 -2.3841858e-7
vertex 8.006764e1 1.0160535e2 -2.3841858e-7
endloop
endfacet
facet normal NaN NaN NaN
outer loop
vertex 8.0556274e1 1.0160535e2 -2.3841858e-7
vertex 7.957901e1 1.0160535e2 -2.3841858e-7
vertex 8.006764e1 1.0160535e2 -2.3841858e-7
endloop
endfacet
facet normal NaN NaN NaN
outer loop
vertex 8.0556274e1 1.0160535e2 -2.3841858e-7
vertex 8.153355e1 1.0160535e2 -2.3841858e-7
vertex 8.104491e1 1.0160535e2 -2.3841858e-7
endloop
endfacet
facet normal NaN NaN NaN
outer loop
vertex 8.153355e1 1.0160535e2 -2.3841858e-7
vertex 8.0556274e1 1.0160535e2 -2.3841858e-7
vertex 8.104491e1 1.0160535e2 -2.3841858e-7
endloop
endfacet
facet normal NaN NaN NaN
outer loop
vertex 8.153355e1 1.0160535e2 -2.3841858e-7
vertex 8.251082e1 1.0160535e2 -2.3841858e-7
vertex 8.202219e1 1.0160535e2 -2.3841858e-7
endloop
endfacet
facet normal NaN NaN NaN
outer loop
vertex 8.251082e1 1.0160535e2 -2.3841858e-7
vertex 8.153355e1 1.0160535e2 -2.3841858e-7
vertex 8.202219e1 1.0160535e2 -2.3841858e-7
endloop
endfacet
facet normal NaN NaN NaN
outer loop
vertex 5.417002e1 1.0257904e2 -2.3841858e-7
vertex 5.417002e1 1.0160535e2 -2.3841858e-7
vertex 5.417002e1 1.0209219e2 -2.3841858e-7
endloop
endfacet
facet normal NaN NaN NaN
outer loop
vertex 5.417002e1 1.0160535e2 -2.3841858e-7
vertex 5.417002e1 1.0257904e2 -2.3841858e-7
vertex 5.417002e1 1.0209219e2 -2.3841858e-7
endloop
endfacet
facet normal NaN NaN NaN
outer loop
vertex 8.251082e1 1.0160535e2 -2.3841858e-7
vertex 8.251082e1 1.0257904e2 -2.3841858e-7
vertex 8.251082e1 1.0209219e2 -2.3841858e-7
endloop
endfacet
facet normal NaN NaN NaN
outer loop
vertex 8.251082e1 1.0257904e2 -2.3841858e-7
vertex 8.251082e1 1.0160535e2 -2.3841858e-7
vertex 8.251082e1 1.0209219e2 -2.3841858e-7
endloop
endfacet
facet normal NaN NaN NaN
outer loop
vertex 5.417002e1 1.0355273e2 -2.3841858e-7
vertex 5.417002e1 1.0257904e2 -2.3841858e-7
vertex 5.417002e1 1.0306589e2 -2.3841858e-7
endloop
endfacet
facet normal NaN NaN NaN
outer loop
vertex 5.417002e1 1.0257904e2 -2.3841858e-7
vertex 5.417002e1 1.0355273e2 -2.3841858e-7
vertex 5.417002e1 1.0306589e2 -2.3841858e-7
endloop
endfacet
facet normal NaN NaN NaN
outer loop
vertex 8.251082e1 1.0257904e2 -2.3841858e-7
vertex 8.251082e1 1.0355273e2 -2.3841858e-7
vertex 8.251082e1 1.0306589e2 -2.3841858e-7
endloop
endfacet
facet normal NaN NaN NaN
outer loop
vertex 8.251082e1 1.0355273e2 -2.3841858e-7
vertex 8.251082e1 1.0257904e2 -2.3841858e-7
vertex 8.251082e1 1.0306589e2 -2.3841858e-7
endloop
endfacet
facet normal NaN NaN NaN
outer loop
vertex 5.417002e1 1.0452641e2 -2.3841858e-7
vertex 5.417002e1 1.0355273e2 -2.3841858e-7
vertex 5.417002e1 1.04039566e2 -2.3841858e-7
endloop
endfacet
facet normal NaN NaN NaN
outer loop
vertex 5.417002e1 1.0355273e2 -2.3841858e-7
vertex 5.417002e1 1.0452641e2 -2.3841858e-7
vertex 5.417002e1 1.04039566e2 -2.3841858e-7
endloop
endfacet
facet normal NaN NaN NaN
outer loop
vertex 8.251082e1 1.0355273e2 -2.3841858e-7
vertex 8.251082e1 1.0452641e2 -2.3841858e-7
vertex 8.251082e1 1.04039566e2 -2.3841858e-7
endloop
endfacet
facet normal NaN NaN NaN
outer loop
vertex 8.251082e1 1.0452641e2 -2.3841858e-7
vertex 8.251082e1 1.0355273e2 -2.3841858e-7
vertex 8.251082e1 1.04039566e2 -2.3841858e-7
endloop
endfacet
facet normal NaN NaN NaN
outer loop
vertex 5.417002e1 1.055001e2 -2.3841858e-7
vertex 5.417002e1 1.0452641e2 -2.3841858e-7
vertex 5.417002e1 1.0501326e2 -2.3841858e-7
endloop
endfacet
facet normal NaN NaN NaN
outer loop
vertex 5.417002e1 1.0452641e2 -2.3841858e-7
vertex 5.417002e1 1.055001e2 -2.3841858e-7
vertex 5.417002e1 1.0501326e2 -2.3841858e-7
endloop
endfacet
facet normal NaN NaN NaN
outer loop
vertex 8.251082e1 1.0452641e2 -2.3841858e-7
vertex 8.251082e1 1.055001e2 -2.3841858e-7
vertex 8.251082e1 1.0501326e2 -2.3841858e-7
endloop
endfacet
facet normal NaN NaN NaN
outer loop
vertex 8.251082e1 1.055001e2 -2.3841858e-7
vertex 8.251082e1 1.0452641e2 -2.3841858e-7
vertex 8.251082e1 1.0501326e2 -2.3841858e-7
endloop
endfacet
facet normal NaN NaN NaN
outer loop
vertex 5.417002e1 1.06473785e2 -2.3841858e-7
vertex 5.417002e1 1.055001e2 -2.3841858e-7
vertex 5.417002e1 1.0598694e2 -2.3841858e-7
endloop
endfacet
facet normal NaN NaN NaN
outer loop
vertex 5.417002e1 1.055001e2 -2.3841858e-7
vertex 5.417002e1 1.06473785e2 -2.3841858e-7
vertex 5.417002e1 1.0598694e2 -2.3841858e-7
endloop
endfacet
facet normal NaN NaN NaN
outer loop
vertex 8.251082e1 1.055001e2 -2.3841858e-7
vertex 8.251082e1 1.06473785e2 -2.3841858e-7
vertex 8.251082e1 1.0598694e2 -2.3841858e-7
endloop
endfacet
facet normal NaN NaN NaN
outer loop
vertex 8.251082e1 1.06473785e2 -2.3841858e-7
vertex 8.251082e1 1.055001e2 -2.3841858e-7
vertex 8.251082e1 1.0598694e2 -2.3841858e-7
endloop
endfacet
facet normal NaN NaN NaN
outer loop
vertex 5.417002e1 1.0744747e2 -2.3841858e-7
vertex 5.417002e1 1.06473785e2 -2.3841858e-7
vertex 5.417002e1 1.0696063e2 -2.3841858e-7
endloop
endfacet
facet normal NaN NaN NaN
outer loop
vertex 5.417002e1 1.06473785e2 -2.3841858e-7
vertex 5.417002e1 1.0744747e2 -2.3841858e-7
vertex 5.417002e1 1.0696063e2 -2.3841858e-7
endloop
endfacet
facet normal NaN NaN NaN
outer loop
vertex 8.251082e1 1.06473785e2 -2.3841858e-7
vertex 8.251082e1 1.0744747e2 -2.3841858e-7
vertex 8.251082e1 1.0696063e2 -2.3841858e-7
endloop
endfacet
facet normal NaN NaN NaN
outer loop
vertex 8.251082e1 1.0744747e2 -2.3841858e-7
vertex 8.251082e1 1.06473785e2 -2.3841858e-7
vertex 8.251082e1 1.0696063e2 -2.3841858e-7
endloop
endfacet
facet normal NaN NaN NaN
outer loop
vertex 5.417002e1 1.0842116e2 -2.3841858e-7
vertex 5.417002e1 1.0744747e2 -2.3841858e-7
vertex 5.417002e1 1.0793431e2 -2.3841858e-7
endloop
endfacet
facet normal NaN NaN NaN
outer loop
vertex 5.417002e1 1.0744747e2 -2.3841858e-7
vertex 5.417002e1 1.0842116e2 -2.3841858e-7
vertex 5.417002e1 1.0793431e2 -2.3841858e-7
endloop
endfacet
facet normal NaN NaN NaN
outer loop
vertex 8.251082e1 1.0744747e2 -2.3841858e-7
vertex 8.251082e1 1.0842116e2 -2.3841858e-7
vertex 8.251082e1 1.0793431e2 -2.3841858e-7
endloop
endfacet
facet normal NaN NaN NaN
outer loop
vertex 8.251082e1 1.0842116e2 -2.3841858e-7
vertex 8.251082e1 1.0744747e2 -2.3841858e-7
vertex 8.251082e1 1.0793431e2 -2.3841858e-7
endloop
endfacet
facet normal NaN NaN NaN
outer loop
vertex 5.417002e1 1.09394844e2 -2.3841858e-7
vertex 5.417002e1 1.0842116e2 -2.3841858e-7
vertex 5.417002e1 1.08908005e2 -2.3841858e-7
endloop
endfacet
facet normal NaN NaN NaN
outer loop
vertex 5.417002e1 1.0842116e2 -2.3841858e-7
vertex 5.417002e1 1.09394844e2 -2.3841858e-7
vertex 5.417002e1 1.08908005e2 -2.3841858e-7
endloop
endfacet
facet normal NaN NaN NaN
outer loop
vertex 8.251082e1 1.0842116e2 -2.3841858e-7
vertex 8.251082e1 1.09394844e2 -2.3841858e-7
vertex 8.251082e1 1.08908005e2 -2.3841858e-7
endloop
endfacet
facet normal NaN NaN NaN
outer loop
vertex 8.251082e1 1.09394844e2 -2.3841858e-7
vertex 8.251082e1 1.0842116e2 -2.3841858e-7
vertex 8.251082e1 1.08908005e2 -2.3841858e-7
endloop
endfacet
facet normal NaN NaN NaN
outer loop
vertex 5.417002e1 1.1036853e2 -2.3841858e-7
vertex 5.417002e1 1.09394844e2 -2.3841858e-7
vertex 5.417002e1 1.0988168e2 -2.3841858e-7
endloop
endfacet
facet normal NaN NaN NaN
outer loop
vertex 5.417002e1 1.09394844e2 -2.3841858e-7
vertex 5.417002e1 1.1036853e2 -2.3841858e-7
vertex 5.417002e1 1.0988168e2 -2.3841858e-7
endloop
endfacet
facet normal NaN NaN NaN
outer loop
vertex 8.251082e1 1.09394844e2 -2.3841858e-7
vertex 8.251082e1 1.1036853e2 -2.3841858e-7
vertex 8.251082e1 1.0988168e2 -2.3841858e-7
endloop
endfacet
facet normal NaN NaN NaN
outer loop
vertex 8.251082e1 1.1036853e2 -2.3841858e-7
vertex 8.251082e1 1.09394844e2 -2.3841858e-7
vertex 8.251082e1 1.0988168e2 -2.3841858e-7
endloop
endfacet
facet normal NaN NaN NaN
outer loop
vertex 5.417002e1 1.11342224e2 -2.3841858e-7
vertex 5.417002e1 1.1036853e2 -2.3841858e-7
vertex 5.417002e1 1.1085538e2 -2.3841858e-7
endloop
endfacet
facet normal NaN NaN NaN
outer loop
vertex 5.417002e1 1.1036853e2 -2.3841858e-7
vertex 5.417002e1 1.11342224e2 -2.3841858e-7
vertex 5.417002e1 1.1085538e2 -2.3841858e-7
endloop
endfacet
facet normal NaN NaN NaN
outer loop
vertex 8.251082e1 1.1036853e2 -2.3841858e-7
vertex 8.251082e1 1.11342224e2 -2.3841858e-7
vertex 8.251082e1 1.1085538e2 -2.3841858e-7
endloop
endfacet
facet normal NaN NaN NaN
outer loop
vertex 8.251082e1 1.11342224e2 -2.3841858e-7
vertex 8.251082e1 1.1036853e2 -2.3841858e-7
vertex 8.251082e1 1.1085538e2 -2.3841858e-7
endloop
endfacet
facet normal NaN NaN NaN
outer loop
vertex 5.417002e1 1.123159e2 -2.3841858e-7
vertex 5.417002e1 1.11342224e2 -2.3841858e-7
vertex 5.417002e1 1.1182906e2 -2.3841858e-7
endloop
endfacet
facet normal NaN NaN NaN
outer loop
vertex 5.417002e1 1.11342224e2 -2.3841858e-7
vertex 5.417002e1 1.123159e2 -2.3841858e-7
vertex 5.417002e1 1.1182906e2 -2.3841858e-7
endloop
endfacet
facet normal NaN NaN NaN
outer loop
vertex 8.251082e1 1.11342224e2 -2.3841858e-7
vertex 8.251082e1 1.123159e2 -2.3841858e-7
vertex 8.251082e1 1.1182906e2 -2.3841858e-7
endloop
endfacet
facet normal NaN NaN NaN
outer loop
vertex 8.251082e1 1.123159e2 -2.3841858e-7
vertex 8.251082e1 1.11342224e2 -2.3841858e-7
vertex 8.251082e1 1.1182906e2 -2.3841858e-7
endloop
endfacet
facet normal NaN NaN NaN
outer loop
vertex 5.417002e1 1.132896e2 -2.3841858e-7
vertex 5.417002e1 1.123159e2 -2.3841858e-7
vertex 5.417002e1 1.1280275e2 -2.3841858e-7
endloop
endfacet
facet normal NaN NaN NaN
outer loop
vertex 5.417002e1 1.123159e2 -2.3841858e-7
vertex 5.417002e1 1.132896e2 -2.3841858e-7
vertex 5.417002e1 1.1280275e2 -2.3841858e-7
endloop
endfacet
facet normal NaN NaN NaN
outer loop
vertex 8.251082e1 1.123159e2 -2.3841858e-7
vertex 8.251082e1 1.132896e2 -2.3841858e-7
vertex 8.251082e1 1.1280275e2 -2.3841858e-7
endloop
endfacet
facet normal NaN NaN NaN
outer loop
vertex 8.251082e1 1.132896e2 -2.3841858e-7
vertex 8.251082e1 1.123159e2 -2.3841858e-7
vertex 8.251082e1 1.1280275e2 -2.3841858e-7
endloop
endfacet
facet normal NaN NaN NaN
outer loop
vertex 5.417002e1 1.1426328e2 -2.3841858e-7
vertex 5.417002e1 1.132896e2 -2.3841858e-7
vertex 5.417002e1 1.1377644e2 -2.3841858e-7
endloop
endfacet
facet normal NaN NaN NaN
outer loop
vertex 5.417002e1 1.132896e2 -2.3841858e-7
vertex 5.417002e1 1.1426328e2 -2.3841858e-7
vertex 5.417002e1 1.1377644e2 -2.3841858e-7
endloop
endfacet
facet normal NaN NaN NaN
outer loop
vertex 8.251082e1 1.132896e2 -2.3841858e-7
vertex 8.251082e1 1.1426328e2 -2.3841858e-7
vertex 8.251082e1 1.1377644e2 -2.3841858e-7
endloop
endfacet
facet normal NaN NaN NaN
outer loop
vertex 8.251082e1 1.1426328e2 -2.3841858e-7
vertex 8.251082e1 1.132896e2 -2.3841858e-7
vertex 8.251082e1 1.1377644e2 -2.3841858e-7
endloop
endfacet
facet normal NaN NaN NaN
outer loop
vertex 5.514729e1 1.1426328e2 -2.3841858e-7
vertex 5.417002e1 1.1426328e2 -2.3841858e-7
vertex 5.4658653e1 1.1426328e2 -2.3841858e-7
endloop
endfacet
facet normal NaN NaN NaN
outer loop
vertex 5.417002e1 1.1426328e2 -2.3841858e-7
vertex 5.514729e1 1.1426328e2 -2.3841858e-7
vertex 5.4658653e1 1.1426328e2 -2.3841858e-7
endloop
endfacet
facet normal NaN NaN NaN
outer loop
vertex 5.6124557e1 1.1426328e2 -2.3841858e-7
vertex 5.514729e1 1.1426328e2 -2.3841858e-7
vertex 5.5635925e1 1.1426328e2 -2.3841858e-7
endloop
endfacet
facet normal NaN NaN NaN
outer loop
vertex 5.514729e1 1.1426328e2 -2.3841858e-7
vertex 5.6124557e1 1.1426328e2 -2.3841858e-7
vertex 5.5635925e1 1.1426328e2 -2.3841858e-7
endloop
endfacet
facet normal NaN NaN NaN
outer loop
vertex 5.7101826e1 1.1426328e2 -2.3841858e-7
vertex 5.6124557e1 1.1426328e2 -2.3841858e-7
vertex 5.661319e1 1.1426328e2 -2.3841858e-7
endloop
endfacet
facet normal NaN NaN NaN
outer loop
vertex 5.6124557e1 1.1426328e2 -2.3841858e-7
vertex 5.7101826e1 1.1426328e2 -2.3841858e-7
vertex 5.661319e1 1.1426328e2 -2.3841858e-7
endloop
endfacet
facet normal NaN NaN NaN
outer loop
vertex 5.8079094e1 1.1426328e2 -2.3841858e-7
vertex 5.7101826e1 1.1426328e2 -2.3841858e-7
vertex 5.759046e1 1.1426328e2 -2.3841858e-7
endloop
endfacet
facet normal NaN NaN NaN
outer loop
vertex 5.7101826e1 1.1426328e2 -2.3841858e-7
vertex 5.8079094e1 1.1426328e2 -2.3841858e-7
vertex 5.759046e1 1.1426328e2 -2.3841858e-7
endloop
endfacet
facet normal NaN NaN NaN
outer loop
vertex 5.9056366e1 1.1426328e2 -2.3841858e-7
vertex 5.8079094e1 1.1426328e2 -2.3841858e-7
vertex 5.856773e1 1.1426328e2 -2.3841858e-7
endloop
endfacet
facet normal NaN NaN NaN
outer loop
vertex 5.8079094e1 1.1426328e2 -2.3841858e-7
vertex 5.9056366e1 1.1426328e2 -2.3841858e-7
vertex 5.856773e1 1.1426328e2 -2.3841858e-7
endloop
endfacet
facet normal NaN NaN NaN
outer loop
vertex 6.003363e1 1.1426328e2 -2.3841858e-7
vertex 5.9056366e1 1.1426328e2 -2.3841858e-7
vertex 5.9545e1 1.1426328e2 -2.3841858e-7
endloop
endfacet
facet normal NaN NaN NaN
outer loop
vertex 5.9056366e1 1.1426328e2 -2.3841858e-7
vertex 6.003363e1 1.1426328e2 -2.3841858e-7
vertex 5.9545e1 1.1426328e2 -2.3841858e-7
endloop
endfacet
facet normal NaN NaN NaN
outer loop
vertex 6.1010902e1 1.1426328e2 -2.3841858e-7
vertex 6.003363e1 1.1426328e2 -2.3841858e-7
vertex 6.0522266e1 1.1426328e2 -2.3841858e-7
endloop
endfacet
facet normal NaN NaN NaN
outer loop
vertex 6.003363e1 1.1426328e2 -2.3841858e-7
vertex 6.1010902e1 1.1426328e2 -2.3841858e-7
vertex 6.0522266e1 1.1426328e2 -2.3841858e-7
endloop
endfacet
facet normal NaN NaN NaN
outer loop
vertex 6.198817e1 1.1426328e2 -2.3841858e-7
vertex 6.1010902e1 1.1426328e2 -2.3841858e-7
vertex 6.1499535e1 1.1426328e2 -2.3841858e-7
endloop
endfacet
facet normal NaN NaN NaN
outer loop
vertex 6.1010902e1 1.1426328e2 -2.3841858e-7
vertex 6.198817e1 1.1426328e2 -2.3841858e-7
vertex 6.1499535e1 1.1426328e2 -2.3841858e-7
endloop
endfacet
facet normal NaN NaN NaN
outer loop
vertex 6.296544e1 1.1426328e2 -2.3841858e-7
vertex 6.198817e1 1.1426328e2 -2.3841858e-7
vertex 6.2476807e1 1.1426328e2 -2.3841858e-7
endloop
endfacet
facet normal NaN NaN NaN
outer loop
vertex 6.198817e1 1.1426328e2 -2.3841858e-7
vertex 6.296544e1 1.1426328e2 -2.3841858e-7
vertex 6.2476807e1 1.1426328e2 -2.3841858e-7
endloop
endfacet
facet normal NaN NaN NaN
outer loop
vertex 6.3942707e1 1.1426328e2 -2.3841858e-7
vertex 6.296544e1 1.1426328e2 -2.3841858e-7
vertex 6.345407e1 1.1426328e2 -2.3841858e-7
endloop
endfacet
facet normal NaN NaN NaN
outer loop
vertex 6.296544e1 1.1426328e2 -2.3841858e-7
vertex 6.3942707e1 1.1426328e2 -2.3841858e-7
vertex 6.345407e1 1.1426328e2 -2.3841858e-7
endloop
endfacet
facet normal NaN NaN NaN
outer loop
vertex 6.4919975e1 1.1426328e2 -2.3841858e-7
vertex 6.3942707e1 1.1426328e2 -2.3841858e-7
vertex 6.443134e1 1.1426328e2 -2.3841858e-7
endloop
endfacet
facet normal NaN NaN NaN
outer loop
vertex 6.3942707e1 1.1426328e2 -2.3841858e-7
vertex 6.4919975e1 1.1426328e2 -2.3841858e-7
vertex 6.443134e1 1.1426328e2 -2.3841858e-7
endloop
endfacet
facet normal NaN NaN NaN
outer loop
vertex 6.589725e1 1.1426328e2 -2.3841858e-7
vertex 6.4919975e1 1.1426328e2 -2.3841858e-7
vertex 6.5408615e1 1.1426328e2 -2.3841858e-7
endloop
endfacet
facet normal NaN NaN NaN
outer loop
vertex 6.4919975e1 1.1426328e2 -2.3841858e-7
vertex 6.589725e1 1.1426328e2 -2.3841858e-7
vertex 6.5408615e1 1.1426328e2 -2.3841858e-7
endloop
endfacet
facet normal NaN NaN NaN
outer loop
vertex 6.687451e1 1.1426328e2 -2.3841858e-7
vertex 6.589725e1 1.1426328e2 -2.3841858e-7
vertex 6.638588e1 1.1426328e2 -2.3841858e-7
endloop
endfacet
facet normal NaN NaN NaN
outer loop
vertex 6.589725e1 1.1426328e2 -2.3841858e-7
vertex 6.687451e1 1.1426328e2 -2.3841858e-7
vertex 6.638588e1 1.1426328e2 -2.3841858e-7
endloop
endfacet
facet normal NaN NaN NaN
outer loop
vertex 6.785178e1 1.1426328e2 -2.3841858e-7
vertex 6.687451e1 1.1426328e2 -2.3841858e-7
vertex 6.7363144e1 1.1426328e2 -2.3841858e-7
endloop
endfacet
facet normal NaN NaN NaN
outer loop
vertex 6.687451e1 1.1426328e2 -2.3841858e-7
vertex 6.785178e1 1.1426328e2 -2.3841858e-7
vertex 6.7363144e1 1.1426328e2 -2.3841858e-7
endloop
endfacet
facet normal NaN NaN NaN
outer loop
vertex 6.8829056e1 1.1426328e2 -2.3841858e-7
vertex 6.785178e1 1.1426328e2 -2.3841858e-7
vertex 6.834042e1 1.1426328e2 -2.3841858e-7
endloop
endfacet
facet normal NaN NaN NaN
outer loop
vertex 6.785178e1 1.1426328e2 -2.3841858e-7
vertex 6.8829056e1 1.1426328e2 -2.3841858e-7
vertex 6.834042e1 1.1426328e2 -2.3841858e-7
endloop
endfacet
facet normal NaN NaN NaN
outer loop
vertex 6.980632e1 1.1426328e2 -2.3841858e-7
vertex 6.8829056e1 1.1426328e2 -2.3841858e-7
vertex 6.931769e1 1.1426328e2 -2.3841858e-7
endloop
endfacet
facet normal NaN NaN NaN
outer loop
vertex 6.8829056e1 1.1426328e2 -2.3841858e-7
vertex 6.980632e1 1.1426328e2 -2.3841858e-7
vertex 6.931769e1 1.1426328e2 -2.3841858e-7
endloop
endfacet
facet normal NaN NaN NaN
outer loop
vertex 7.078359e1 1.1426328e2 -2.3841858e-7
vertex 6.980632e1 1.1426328e2 -2.3841858e-7
vertex 7.029495e1 1.1426328e2 -2.3841858e-7
endloop
endfacet
facet normal NaN NaN NaN
outer loop
vertex 6.980632e1 1.1426328e2 -2.3841858e-7
vertex 7.078359e1 1.1426328e2 -2.3841858e-7
vertex 7.029495e1 1.1426328e2 -2.3841858e-7
endloop
endfacet
facet normal NaN NaN NaN
outer loop
vertex 7.176086e1 1.1426328e2 -2.3841858e-7
vertex 7.078359e1 1.1426328e2 -2.3841858e-7
vertex 7.1272224e1 1.1426328e2 -2.3841858e-7
endloop
endfacet
facet normal NaN NaN NaN
outer loop
vertex 7.078359e1 1.1426328e2 -2.3841858e-7
vertex 7.176086e1 1.1426328e2 -2.3841858e-7
vertex 7.1272224e1 1.1426328e2 -2.3841858e-7
endloop
endfacet
facet normal NaN NaN NaN
outer loop
vertex 7.273813e1 1.1426328e2 -2.3841858e-7
vertex 7.176086e1 1.1426328e2 -2.3841858e-7
vertex 7.22495e1 1.1426328e2 -2.3841858e-7
endloop
endfacet
facet normal NaN NaN NaN
outer loop
vertex 7.176086e1 1.1426328e2 -2.3841858e-7
vertex 7.273813e1 1.1426328e2 -2.3841858e-7
vertex 7.22495e1 1.1426328e2 -2.3841858e-7
endloop
endfacet
facet normal NaN NaN NaN
outer loop
vertex 7.371539e1 1.1426328e2 -2.3841858e-7
vertex 7.273813e1 1.1426328e2 -2.3841858e-7
vertex 7.322676e1 1.1426328e2 -2.3841858e-7
endloop
endfacet
facet normal NaN NaN NaN
outer loop
vertex 7.273813e1 1.1426328e2 -2.3841858e-7
vertex 7.371539e1 1.1426328e2 -2.3841858e-7
vertex 7.322676e1 1.1426328e2 -2.3841858e-7
endloop
endfacet
facet normal NaN NaN NaN
outer loop
vertex 7.4692665e1 1.1426328e2 -2.3841858e-7
vertex 7.371539e1 1.1426328e2 -2.3841858e-7
vertex 7.4204025e1 1.1426328e2 -2.3841858e-7
endloop
endfacet
facet normal NaN NaN NaN
outer loop
vertex 7.371539e1 1.1426328e2 -2.3841858e-7
vertex 7.4692665e1 1.1426328e2 -2.3841858e-7
vertex 7.4204025e1 1.1426328e2 -2.3841858e-7
endloop
endfacet
facet normal NaN NaN NaN
outer loop
vertex 7.566994e1 1.1426328e2 -2.3841858e-7
vertex 7.4692665e1 1.1426328e2 -2.3841858e-7
vertex 7.5181305e1 1.1426328e2 -2.3841858e-7
endloop
endfacet
facet normal NaN NaN NaN
outer loop
vertex 7.4692665e1 1.1426328e2 -2.3841858e-7
vertex 7.566994e1 1.1426328e2 -2.3841858e-7
vertex 7.5181305e1 1.1426328e2 -2.3841858e-7
endloop
endfacet
facet normal NaN NaN NaN
outer loop
vertex 7.66472e1 1.1426328e2 -2.3841858e-7
vertex 7.566994e1 1.1426328e2 -2.3841858e-7
vertex 7.615857e1 1.1426328e2 -2.3841858e-7
endloop
endfacet
facet normal NaN NaN NaN
outer loop
vertex 7.566994e1 1.1426328e2 -2.3841858e-7
vertex 7.66472e1 1.1426328e2 -2.3841858e-7
vertex 7.615857e1 1.1426328e2 -2.3841858e-7
endloop
endfacet
facet normal NaN NaN NaN
outer loop
vertex 7.762447e1 1.1426328e2 -2.3841858e-7
vertex 7.66472e1 1.1426328e2 -2.3841858e-7
vertex 7.713583e1 1.1426328e2 -2.3841858e-7
endloop
endfacet
facet normal NaN NaN NaN
outer loop
vertex 7.66472e1 1.1426328e2 -2.3841858e-7
vertex 7.762447e1 1.1426328e2 -2.3841858e-7
vertex 7.713583e1 1.1426328e2 -2.3841858e-7
endloop
endfacet
facet normal NaN NaN NaN
outer loop
vertex 7.860174e1 1.1426328e2 -2.3841858e-7
vertex 7.762447e1 1.1426328e2 -2.3841858e-7
vertex 7.8113106e1 1.1426328e2 -2.3841858e-7
endloop
endfacet
facet normal NaN NaN NaN
outer loop
vertex 7.762447e1 1.1426328e2 -2.3841858e-7
vertex 7.860174e1 1.1426328e2 -2.3841858e-7
vertex 7.8113106e1 1.1426328e2 -2.3841858e-7
endloop
endfacet
facet normal NaN NaN NaN
outer loop
vertex 7.957901e1 1.1426328e2 -2.3841858e-7
vertex 7.860174e1 1.1426328e2 -2.3841858e-7
vertex 7.909038e1 1.1426328e2 -2.3841858e-7
endloop
endfacet
facet normal NaN NaN NaN
outer loop
vertex 7.860174e1 1.1426328e2 -2.3841858e-7
vertex 7.957901e1 1.1426328e2 -2.3841858e-7
vertex 7.909038e1 1.1426328e2 -2.3841858e-7
endloop
endfacet
facet normal NaN NaN NaN
outer loop
vertex 8.0556274e1 1.1426328e2 -2.3841858e-7
vertex 7.957901e1 1.1426328e2 -2.3841858e-7
vertex 8.006764e1 1.1426328e2 -2.3841858e-7
endloop
endfacet
facet normal NaN NaN NaN
outer loop
vertex 7.957901e1 1.1426328e2 -2.3841858e-7
vertex 8.0556274e1 1.1426328e2 -2.3841858e-7
vertex 8.006764e1 1.1426328e2 -2.3841858e-7
endloop
endfacet
facet normal NaN NaN NaN
outer loop
vertex 8.153355e1 1.1426328e2 -2.3841858e-7
vertex 8.0556274e1 1.1426328e2 -2.3841858e-7
vertex 8.104491e1 1.1426328e2 -2.3841858e-7
endloop
endfacet
facet normal NaN NaN NaN
outer loop
vertex 8.0556274e1 1.1426328e2 -2.3841858e-7
vertex 8.153355e1 1.1426328e2 -2.3841858e-7
vertex 8.104491e1 1.1426328e2 -2.3841858e-7
endloop
endfacet
facet normal NaN NaN NaN
outer loop
