solid ImplictCADExport
facet normal NaN NaN NaN
outer loop
vertex 5.8461353e1 1.2352104e2 5.9604645e-8
vertex 5.9324783e1 1.2352104e2 5.9604645e-8
vertex 5.8893066e1 1.2352104e2 5.9604645e-8
endloop
endfacet
facet normal NaN NaN NaN
outer loop
vertex 5.9324783e1 1.2352104e2 5.9604645e-8
vertex 5.8461353e1 1.2352104e2 5.9604645e-8
vertex 5.8893066e1 1.2352104e2 5.9604645e-8
endloop
endfacet
facet normal NaN NaN NaN
outer loop
vertex 5.9324783e1 1.2352104e2 5.9604645e-8
vertex 6.0188217e1 1.2352104e2 5.9604645e-8
vertex 5.97565e1 1.2352104e2 5.9604645e-8
endloop
endfacet
facet normal NaN NaN NaN
outer loop
vertex 6.0188217e1 1.2352104e2 5.9604645e-8
vertex 5.9324783e1 1.2352104e2 5.9604645e-8
vertex 5.97565e1 1.2352104e2 5.9604645e-8
endloop
endfacet
facet normal NaN NaN NaN
outer loop
vertex 6.0188217e1 1.2352104e2 5.9604645e-8
vertex 6.105165e1 1.2352104e2 5.9604645e-8
vertex 6.0619934e1 1.2352104e2 5.9604645e-8
endloop
endfacet
facet normal NaN NaN NaN
outer loop
vertex 6.105165e1 1.2352104e2 5.9604645e-8
vertex 6.0188217e1 1.2352104e2 5.9604645e-8
vertex 6.0619934e1 1.2352104e2 5.9604645e-8
endloop
endfacet
facet normal NaN NaN NaN
outer loop
vertex 6.105165e1 1.2352104e2 5.9604645e-8
vertex 6.191508e1 1.2352104e2 5.9604645e-8
vertex 6.1483368e1 1.2352104e2 5.9604645e-8
endloop
endfacet
facet normal NaN NaN NaN
outer loop
vertex 6.191508e1 1.2352104e2 5.9604645e-8
vertex 6.105165e1 1.2352104e2 5.9604645e-8
vertex 6.1483368e1 1.2352104e2 5.9604645e-8
endloop
endfacet
facet normal NaN NaN NaN
outer loop
vertex 5.8461353e1 1.2447714e2 5.9604645e-8
vertex 5.8461353e1 1.2352104e2 5.9604645e-8
vertex 5.8461353e1 1.2399909e2 5.9604645e-8
endloop
endfacet
facet normal NaN NaN NaN
outer loop
vertex 5.8461353e1 1.2352104e2 5.9604645e-8
vertex 5.8461353e1 1.2447714e2 5.9604645e-8
vertex 5.8461353e1 1.2399909e2 5.9604645e-8
endloop
endfacet
facet normal NaN NaN NaN
outer loop
vertex 6.191508e1 1.2352104e2 5.9604645e-8
vertex 6.191508e1 1.2447714e2 5.9604645e-8
vertex 6.191508e1 1.2399909e2 5.9604645e-8
endloop
endfacet
facet normal NaN NaN NaN
outer loop
vertex 6.191508e1 1.2447714e2 5.9604645e-8
vertex 6.191508e1 1.2352104e2 5.9604645e-8
vertex 6.191508e1 1.2399909e2 5.9604645e-8
endloop
endfacet
facet normal NaN NaN NaN
outer loop
vertex 5.8461353e1 1.2543324e2 5.9604645e-8
vertex 5.8461353e1 1.2447714e2 5.9604645e-8
vertex 5.8461353e1 1.2495519e2 5.9604645e-8
endloop
endfacet
facet normal NaN NaN NaN
outer loop
vertex 5.8461353e1 1.2447714e2 5.9604645e-8
vertex 5.8461353e1 1.2543324e2 5.9604645e-8
vertex 5.8461353e1 1.2495519e2 5.9604645e-8
endloop
endfacet
facet normal NaN NaN NaN
outer loop
vertex 6.191508e1 1.2447714e2 5.9604645e-8
vertex 6.191508e1 1.2543324e2 5.9604645e-8
vertex 6.191508e1 1.2495519e2 5.9604645e-8
endloop
endfacet
facet normal NaN NaN NaN
outer loop
vertex 6.191508e1 1.2543324e2 5.9604645e-8
vertex 6.191508e1 1.2447714e2 5.9604645e-8
vertex 6.191508e1 1.2495519e2 5.9604645e-8
endloop
endfacet
facet normal NaN NaN NaN
outer loop
vertex 5.8461353e1 1.2638934e2 5.9604645e-8
vertex 5.8461353e1 1.2543324e2 5.9604645e-8
vertex 5.8461353e1 1.2591129e2 5.9604645e-8
endloop
endfacet
facet normal NaN NaN NaN
outer loop
vertex 5.8461353e1 1.2543324e2 5.9604645e-8
vertex 5.8461353e1 1.2638934e2 5.9604645e-8
vertex 5.8461353e1 1.2591129e2 5.9604645e-8
endloop
endfacet
facet normal NaN NaN NaN
outer loop
vertex 6.191508e1 1.2543324e2 5.9604645e-8
vertex 6.191508e1 1.2638934e2 5.9604645e-8
vertex 6.191508e1 1.2591129e2 5.9604645e-8
endloop
endfacet
facet normal NaN NaN NaN
outer loop
vertex 6.191508e1 1.2638934e2 5.9604645e-8
vertex 6.191508e1 1.2543324e2 5.9604645e-8
vertex 6.191508e1 1.2591129e2 5.9604645e-8
endloop
endfacet
facet normal NaN NaN NaN
outer loop
vertex 5.8461353e1 1.2734544e2 5.9604645e-8
vertex 5.8461353e1 1.2638934e2 5.9604645e-8
vertex 5.8461353e1 1.2686739e2 5.9604645e-8
endloop
endfacet
facet normal NaN NaN NaN
outer loop
vertex 5.8461353e1 1.2638934e2 5.9604645e-8
vertex 5.8461353e1 1.2734544e2 5.9604645e-8
vertex 5.8461353e1 1.2686739e2 5.9604645e-8
endloop
endfacet
facet normal NaN NaN NaN
outer loop
vertex 6.191508e1 1.2638934e2 5.9604645e-8
vertex 6.191508e1 1.2734544e2 5.9604645e-8
vertex 6.191508e1 1.2686739e2 5.9604645e-8
endloop
endfacet
facet normal NaN NaN NaN
outer loop
vertex 6.191508e1 1.2734544e2 5.9604645e-8
vertex 6.191508e1 1.2638934e2 5.9604645e-8
vertex 6.191508e1 1.2686739e2 5.9604645e-8
endloop
endfacet
facet normal NaN NaN NaN
outer loop
vertex 5.8461353e1 1.2830154e2 5.9604645e-8
vertex 5.8461353e1 1.2734544e2 5.9604645e-8
vertex 5.8461353e1 1.27823494e2 5.9604645e-8
endloop
endfacet
facet normal NaN NaN NaN
outer loop
vertex 5.8461353e1 1.2734544e2 5.9604645e-8
vertex 5.8461353e1 1.2830154e2 5.9604645e-8
vertex 5.8461353e1 1.27823494e2 5.9604645e-8
endloop
endfacet
facet normal NaN NaN NaN
outer loop
vertex 6.191508e1 1.2734544e2 5.9604645e-8
vertex 6.191508e1 1.2830154e2 5.9604645e-8
vertex 6.191508e1 1.27823494e2 5.9604645e-8
endloop
endfacet
facet normal NaN NaN NaN
outer loop
vertex 6.191508e1 1.2830154e2 5.9604645e-8
vertex 6.191508e1 1.2734544e2 5.9604645e-8
vertex 6.191508e1 1.27823494e2 5.9604645e-8
endloop
endfacet
facet normal NaN NaN NaN
outer loop
vertex 5.8461353e1 1.2925764e2 5.9604645e-8
vertex 5.8461353e1 1.2830154e2 5.9604645e-8
vertex 5.8461353e1 1.287796e2 5.9604645e-8
endloop
endfacet
facet normal NaN NaN NaN
outer loop
vertex 5.8461353e1 1.2830154e2 5.9604645e-8
vertex 5.8461353e1 1.2925764e2 5.9604645e-8
vertex 5.8461353e1 1.287796e2 5.9604645e-8
endloop
endfacet
facet normal NaN NaN NaN
outer loop
vertex 6.191508e1 1.2830154e2 5.9604645e-8
vertex 6.191508e1 1.2925764e2 5.9604645e-8
vertex 6.191508e1 1.287796e2 5.9604645e-8
endloop
endfacet
facet normal NaN NaN NaN
outer loop
vertex 6.191508e1 1.2925764e2 5.9604645e-8
vertex 6.191508e1 1.2830154e2 5.9604645e-8
vertex 6.191508e1 1.287796e2 5.9604645e-8
endloop
endfacet
facet normal NaN NaN NaN
outer loop
vertex 5.9324783e1 1.2925764e2 5.9604645e-8
vertex 5.8461353e1 1.2925764e2 5.9604645e-8
vertex 5.8893066e1 1.2925764e2 5.9604645e-8
endloop
endfacet
facet normal NaN NaN NaN
outer loop
vertex 5.8461353e1 1.2925764e2 5.9604645e-8
vertex 5.9324783e1 1.2925764e2 5.9604645e-8
vertex 5.8893066e1 1.2925764e2 5.9604645e-8
endloop
endfacet
facet normal NaN NaN NaN
outer loop
vertex 6.0188217e1 1.2925764e2 5.9604645e-8
vertex 5.9324783e1 1.2925764e2 5.9604645e-8
vertex 5.97565e1 1.2925764e2 5.9604645e-8
endloop
endfacet
facet normal NaN NaN NaN
outer loop
vertex 5.9324783e1 1.2925764e2 5.9604645e-8
vertex 6.0188217e1 1.2925764e2 5.9604645e-8
vertex 5.97565e1 1.2925764e2 5.9604645e-8
endloop
endfacet
facet normal NaN NaN NaN
outer loop
vertex 6.105165e1 1.2925764e2 5.9604645e-8
vertex 6.0188217e1 1.2925764e2 5.9604645e-8
vertex 6.0619934e1 1.2925764e2 5.9604645e-8
endloop
endfacet
facet normal NaN NaN NaN
outer loop
vertex 6.0188217e1 1.2925764e2 5.9604645e-8
vertex 6.105165e1 1.2925764e2 5.9604645e-8
vertex 6.0619934e1 1.2925764e2 5.9604645e-8
endloop
endfacet
facet normal NaN NaN NaN
outer loop
vertex 6.191508e1 1.2925764e2 5.9604645e-8
vertex 6.105165e1 1.2925764e2 5.9604645e-8
vertex 6.1483368e1 1.2925764e2 5.9604645e-8
endloop
endfacet
facet normal NaN NaN NaN
outer loop
vertex 6.105165e1 1.2925764e2 5.9604645e-8
vertex 6.191508e1 1.2925764e2 5.9604645e-8
vertex 6.1483368e1 1.2925764e2 5.9604645e-8
endloop
endfacet
facet normal 6.539319e-3 -9.9997866e-1 -9.019982e-6
outer loop
vertex 5.8461353e1 1.2320496e2 8.4185615e-2
vertex 5.8461353e1 1.23204956e2 9.300001e-1
vertex 5.8134686e1 1.2320282e2 9.300001e-1
endloop
endfacet
facet normal -9.999865e-1 -5.193315e-3 0.0e0
outer loop
vertex 5.8061726e1 1.2335357e2 9.300001e-1
vertex 5.8060856e1 1.2352104e2 9.300001e-1
vertex 5.8060856e1 1.2352104e2 3.7876385e-1
endloop
endfacet
facet normal -9.81139e-1 -1.85381e-1 -5.4773133e-2
outer loop
vertex 5.8061726e1 1.2335357e2 9.300001e-1
vertex 5.8060856e1 1.2352104e2 3.7876385e-1
vertex 5.8082e1 1.2352104e2 5.662441e-7
endloop
endfacet
facet normal -9.9620247e-1 -7.9279006e-2 -3.5994858e-2
outer loop
vertex 5.8061726e1 1.2335357e2 9.300001e-1
vertex 5.8082e1 1.2352104e2 5.662441e-7
vertex 5.8096355e1 1.2320241e2 3.0451065e-1
endloop
endfacet
facet normal -9.655241e-7 -6.9090235e-1 -7.229481e-1
outer loop
vertex 5.8082e1 1.2352104e2 5.662441e-7
vertex 5.8461353e1 1.2352104e2 5.9604645e-8
vertex 5.8096355e1 1.2320241e2 3.0451065e-1
endloop
endfacet
facet normal -5.026859e-1 -2.2248982e-1 -8.353473e-1
outer loop
vertex 5.8461353e1 1.2352104e2 5.9604645e-8
vertex 5.8461353e1 1.2320496e2 8.4185615e-2
vertex 5.8096355e1 1.2320241e2 3.0451065e-1
endloop
endfacet
facet normal 7.1358066e-3 -9.9997455e-1 2.213639e-4
outer loop
vertex 5.8461353e1 1.2320496e2 8.4185615e-2
vertex 5.8134686e1 1.2320282e2 9.300001e-1
vertex 5.8096355e1 1.2320241e2 3.0451065e-1
endloop
endfacet
facet normal -8.9873964e-1 -4.3497378e-1 5.5361386e-2
outer loop
vertex 5.8134686e1 1.2320282e2 9.300001e-1
vertex 5.8061726e1 1.2335357e2 9.300001e-1
vertex 5.8096355e1 1.2320241e2 3.0451065e-1
endloop
endfacet
facet normal 0.0e0 -2.7846375e-1 -9.6044666e-1
outer loop
vertex 5.8461353e1 1.2352104e2 5.9604645e-8
vertex 5.9324783e1 1.2352104e2 5.9604645e-8
vertex 5.9324783e1 1.23210625e2 8.999978e-2
endloop
endfacet
facet normal 8.194112e-3 -2.5736296e-1 -9.662801e-1
outer loop
vertex 5.8461353e1 1.2352104e2 5.9604645e-8
vertex 5.9324783e1 1.23210625e2 8.999978e-2
vertex 5.8461353e1 1.2320496e2 8.4185615e-2
endloop
endfacet
facet normal 6.5562185e-3 -9.9997854e-1 9.082132e-6
outer loop
vertex 5.8461353e1 1.2320496e2 8.4185615e-2
vertex 5.9324783e1 1.23210625e2 8.999978e-2
vertex 5.9324783e1 1.2321063e2 9.300001e-1
endloop
endfacet
facet normal 6.5739513e-3 -9.999784e-1 -9.019979e-6
outer loop
vertex 5.8461353e1 1.2320496e2 8.4185615e-2
vertex 5.9324783e1 1.2321063e2 9.300001e-1
vertex 5.8461353e1 1.23204956e2 9.300001e-1
endloop
endfacet
facet normal 0.0e0 -2.9952988e-1 -9.540869e-1
outer loop
vertex 5.9324783e1 1.2352104e2 5.9604645e-8
vertex 6.0188217e1 1.2352104e2 5.9604645e-8
vertex 6.0188217e1 1.232163e2 9.567165e-2
endloop
endfacet
facet normal 8.139509e-3 -2.7845457e-1 -9.60415e-1
outer loop
vertex 5.9324783e1 1.2352104e2 5.9604645e-8
vertex 6.0188217e1 1.232163e2 9.567165e-2
vertex 5.9324783e1 1.23210625e2 8.999978e-2
endloop
endfacet
facet normal 6.5739234e-3 -9.999784e-1 0.0e0
outer loop
vertex 5.9324783e1 1.23210625e2 8.999978e-2
vertex 6.0188217e1 1.232163e2 9.567165e-2
vertex 6.0188217e1 1.232163e2 9.300001e-1
endloop
endfacet
facet normal 6.565087e-3 -9.999785e-1 9.082413e-6
outer loop
vertex 5.9324783e1 1.23210625e2 8.999978e-2
vertex 6.0188217e1 1.232163e2 9.300001e-1
vertex 5.9324783e1 1.2321063e2 9.300001e-1
endloop
endfacet
facet normal 0.0e0 -3.2046187e-1 -9.4726145e-1
outer loop
vertex 6.0188217e1 1.2352104e2 5.9604645e-8
vertex 6.105165e1 1.2352104e2 5.9604645e-8
vertex 6.105165e1 1.2322196e2 1.0117983e-1
endloop
endfacet
facet normal 8.05007e-3 -2.995202e-1 -9.5405596e-1
outer loop
vertex 6.0188217e1 1.2352104e2 5.9604645e-8
vertex 6.105165e1 1.2322196e2 1.0117983e-1
vertex 6.0188217e1 1.232163e2 9.567165e-2
endloop
endfacet
facet normal 6.5561337e-3 -9.999785e-1 1.8409855e-5
outer loop
vertex 6.0188217e1 1.232163e2 9.567165e-2
vertex 6.105165e1 1.2322196e2 1.0117983e-1
vertex 6.105165e1 1.2322198e2 9.300001e-1
endloop
endfacet
facet normal 6.573922e-3 -9.999784e-1 0.0e0
outer loop
vertex 6.0188217e1 1.232163e2 9.567165e-2
vertex 6.105165e1 1.2322198e2 9.300001e-1
vertex 6.0188217e1 1.232163e2 9.300001e-1
endloop
endfacet
facet normal 0.0e0 -3.41409e-1 -9.399148e-1
outer loop
vertex 6.105165e1 1.2352104e2 5.9604645e-8
vertex 6.191508e1 1.2352104e2 5.9604645e-8
vertex 6.191508e1 1.23227646e2 1.0657146e-1
endloop
endfacet
facet normal 8.024432e-3 -3.204515e-1 -9.472309e-1
outer loop
vertex 6.105165e1 1.2352104e2 5.9604645e-8
vertex 6.191508e1 1.23227646e2 1.0657146e-1
vertex 6.105165e1 1.2322196e2 1.0117983e-1
endloop
endfacet
facet normal 6.5827873e-3 -9.9997836e-1 0.0e0
outer loop
vertex 6.105165e1 1.2322196e2 1.0117983e-1
vertex 6.191508e1 1.23227646e2 1.0657146e-1
vertex 6.191508e1 1.23227646e2 9.300001e-1
endloop
endfacet
facet normal 6.565116e-3 -9.9997854e-1 1.8409855e-5
outer loop
vertex 6.105165e1 1.2322196e2 1.0117983e-1
vertex 6.191508e1 1.23227646e2 9.300001e-1
vertex 6.105165e1 1.2322198e2 9.300001e-1
endloop
endfacet
facet normal 9.999864e-1 5.2049765e-3 -0.0e0
outer loop
vertex 6.234529e1 1.2352104e2 3.654945e-1
vertex 6.234529e1 1.2352104e2 9.300001e-1
vertex 6.2346172e1 1.23351746e2 9.300001e-1
endloop
endfacet
facet normal 6.5654474e-3 -9.999784e-1 0.0e0
outer loop
vertex 6.222883e1 1.23229706e2 9.300001e-1
vertex 6.191508e1 1.23227646e2 9.300001e-1
vertex 6.191508e1 1.23227646e2 1.0657146e-1
endloop
endfacet
facet normal 6.797487e-3 -9.999769e-1 -8.8416986e-5
outer loop
vertex 6.222883e1 1.23229706e2 9.300001e-1
vertex 6.191508e1 1.23227646e2 1.0657146e-1
vertex 6.2304985e1 1.2323028e2 3.1340218e-1
endloop
endfacet
facet normal 4.4785532e-1 -3.0525586e-1 -8.403835e-1
outer loop
vertex 6.191508e1 1.23227646e2 1.0657146e-1
vertex 6.191508e1 1.2352104e2 5.9604645e-8
vertex 6.2304985e1 1.2323028e2 3.1340218e-1
endloop
endfacet
facet normal -4.6519304e-7 -7.330881e-1 -6.801337e-1
outer loop
vertex 6.191508e1 1.2352104e2 5.9604645e-8
vertex 6.2285446e1 1.2352104e2 -1.937151e-7
vertex 6.2304985e1 1.2323028e2 3.1340218e-1
endloop
endfacet
facet normal 9.811689e-1 -1.0722883e-1 -1.6065358e-1
outer loop
vertex 6.2285446e1 1.2352104e2 -1.937151e-7
vertex 6.234529e1 1.2352104e2 3.654945e-1
vertex 6.2304985e1 1.2323028e2 3.1340218e-1
endloop
endfacet
facet normal 9.906759e-1 -1.3006358e-1 -4.0552754e-2
outer loop
vertex 6.234529e1 1.2352104e2 3.654945e-1
vertex 6.2346172e1 1.23351746e2 9.300001e-1
vertex 6.2304985e1 1.2323028e2 3.1340218e-1
endloop
endfacet
facet normal 7.180397e-1 -6.9041073e-1 8.804508e-2
outer loop
vertex 6.2346172e1 1.23351746e2 9.300001e-1
vertex 6.222883e1 1.23229706e2 9.300001e-1
vertex 6.2304985e1 1.2323028e2 3.1340218e-1
endloop
endfacet
facet normal -9.999866e-1 -5.1787556e-3 0.0e0
outer loop
vertex 5.8060856e1 1.2352104e2 9.300001e-1
vertex 5.8055904e1 1.2447714e2 9.300001e-1
vertex 5.8055904e1 1.2447714e2 3.766198e-1
endloop
endfacet
facet normal -9.999866e-1 -5.1787556e-3 -0.0e0
outer loop
vertex 5.8060856e1 1.2352104e2 9.300001e-1
vertex 5.8055904e1 1.2447714e2 3.766198e-1
vertex 5.8060856e1 1.2352104e2 3.7876385e-1
endloop
endfacet
facet normal -9.9727154e-1 -5.3298054e-3 -7.3627375e-2
outer loop
vertex 5.8060856e1 1.2352104e2 3.7876385e-1
vertex 5.8055904e1 1.2447714e2 3.766198e-1
vertex 5.808371e1 1.2447714e2 8.493662e-7
endloop
endfacet
facet normal -9.984437e-1 1.7846872e-3 -5.573919e-2
outer loop
vertex 5.8060856e1 1.2352104e2 3.7876385e-1
vertex 5.808371e1 1.2447714e2 8.493662e-7
vertex 5.8082e1 1.2352104e2 5.662441e-7
endloop
endfacet
facet normal -2.091288e-6 2.9985975e-7 -1.0e0
outer loop
vertex 5.8082e1 1.2352104e2 5.662441e-7
vertex 5.808371e1 1.2447714e2 8.493662e-7
vertex 5.8461353e1 1.2447714e2 5.9604645e-8
endloop
endfacet
facet normal -1.3355373e-6 0.0e0 -1.0e0
outer loop
vertex 5.8082e1 1.2352104e2 5.662441e-7
vertex 5.8461353e1 1.2447714e2 5.9604645e-8
vertex 5.8461353e1 1.2352104e2 5.9604645e-8
endloop
endfacet
facet normal 1.2028237e-7 0.0e0 -1.0e0
outer loop
vertex 6.191508e1 1.2352104e2 5.9604645e-8
vertex 6.191508e1 1.2447714e2 5.9604645e-8
vertex 6.2286736e1 1.2447714e2 1.0430813e-7
endloop
endfacet
facet normal -6.839729e-7 3.126294e-7 -9.9999994e-1
outer loop
vertex 6.191508e1 1.2352104e2 5.9604645e-8
vertex 6.2286736e1 1.2447714e2 1.0430813e-7
vertex 6.2285446e1 1.2352104e2 -1.937151e-7
endloop
endfacet
facet normal 9.895417e-1 -1.3344205e-3 -1.4424072e-1
outer loop
vertex 6.2285446e1 1.2352104e2 -1.937151e-7
vertex 6.2286736e1 1.2447714e2 1.0430813e-7
vertex 6.2340343e1 1.2447714e2 3.677693e-1
endloop
endfacet
facet normal 9.868439e-1 5.491197e-3 -1.6158277e-1
outer loop
vertex 6.2285446e1 1.2352104e2 -1.937151e-7
vertex 6.2340343e1 1.2447714e2 3.677693e-1
vertex 6.234529e1 1.2352104e2 3.654945e-1
endloop
endfacet
facet normal 9.999866e-1 5.17475e-3 6.7853816e-6
outer loop
vertex 6.234529e1 1.2352104e2 3.654945e-1
vertex 6.2340343e1 1.2447714e2 3.677693e-1
vertex 6.234034e1 1.2447714e2 9.300001e-1
endloop
endfacet
facet normal 9.9998665e-1 5.1787556e-3 -0.0e0
outer loop
vertex 6.234529e1 1.2352104e2 3.654945e-1
vertex 6.234034e1 1.2447714e2 9.300001e-1
vertex 6.234529e1 1.2352104e2 9.300001e-1
endloop
endfacet
facet normal -9.9998665e-1 -5.1787556e-3 1.3732917e-5
outer loop
vertex 5.8055904e1 1.2447714e2 9.300001e-1
vertex 5.8050953e1 1.2543324e2 9.300001e-1
vertex 5.8050945e1 1.2543324e2 3.744434e-1
endloop
endfacet
facet normal -9.999866e-1 -5.186735e-3 -0.0e0
outer loop
vertex 5.8055904e1 1.2447714e2 9.300001e-1
vertex 5.8050945e1 1.2543324e2 3.744434e-1
vertex 5.8055904e1 1.2447714e2 3.766198e-1
endloop
endfacet
facet normal -9.957947e-1 -5.373173e-3 -9.145538e-2
outer loop
vertex 5.8055904e1 1.2447714e2 3.766198e-1
vertex 5.8050945e1 1.2543324e2 3.744434e-1
vertex 5.8085335e1 1.2543324e2 -1.3411045e-7
endloop
endfacet
facet normal -9.972843e-1 1.6949833e-3 -7.362832e-2
outer loop
vertex 5.8055904e1 1.2447714e2 3.766198e-1
vertex 5.8085335e1 1.2543324e2 -1.3411045e-7
vertex 5.808371e1 1.2447714e2 8.493662e-7
endloop
endfacet
facet normal 5.1517435e-7 -1.0295088e-6 -1.0e0
outer loop
vertex 5.808371e1 1.2447714e2 8.493662e-7
vertex 5.8085335e1 1.2543324e2 -1.3411045e-7
vertex 5.8461353e1 1.2543324e2 5.9604645e-8
endloop
endfacet
facet normal -2.091288e-6 0.0e0 -1.0e0
outer loop
vertex 5.808371e1 1.2447714e2 8.493662e-7
vertex 5.8461353e1 1.2543324e2 5.9604645e-8
vertex 5.8461353e1 1.2447714e2 5.9604645e-8
endloop
endfacet
facet normal 1.5978443e-7 0.0e0 -1.0e0
outer loop
vertex 6.191508e1 1.2447714e2 5.9604645e-8
vertex 6.191508e1 1.2543324e2 5.9604645e-8
vertex 6.2288113e1 1.2543324e2 1.1920929e-7
endloop
endfacet
facet normal 1.2028237e-7 1.5412105e-8 -1.0e0
outer loop
vertex 6.191508e1 1.2447714e2 5.9604645e-8
vertex 6.2288113e1 1.2543324e2 1.1920929e-7
vertex 6.2286736e1 1.2447714e2 1.0430813e-7
endloop
endfacet
facet normal 9.9193585e-1 -1.4287189e-3 -1.2673351e-1
outer loop
vertex 6.2286736e1 1.2447714e2 1.0430813e-7
vertex 6.2288113e1 1.2543324e2 1.1920929e-7
vertex 6.233539e1 1.2543324e2 3.7002307e-1
endloop
endfacet
facet normal 9.895279e-1 5.468546e-3 -1.4423871e-1
outer loop
vertex 6.2286736e1 1.2447714e2 1.0430813e-7
vertex 6.233539e1 1.2543324e2 3.7002307e-1
vertex 6.2340343e1 1.2447714e2 3.677693e-1
endloop
endfacet
facet normal 9.999865e-1 5.182745e-3 0.0e0
outer loop
vertex 6.2340343e1 1.2447714e2 3.677693e-1
vertex 6.233539e1 1.2543324e2 3.7002307e-1
vertex 6.233539e1 1.2543324e2 9.300001e-1
endloop
endfacet
facet normal 9.999866e-1 5.1787556e-3 6.78484e-6
outer loop
vertex 6.2340343e1 1.2447714e2 3.677693e-1
vertex 6.233539e1 1.2543324e2 9.300001e-1
vertex 6.234034e1 1.2447714e2 9.300001e-1
endloop
endfacet
facet normal -9.999866e-1 -5.1827454e-3 6.839835e-6
outer loop
vertex 5.8050953e1 1.2543324e2 9.300001e-1
vertex 5.8045998e1 1.2638934e2 9.300001e-1
vertex 5.8045994e1 1.2638934e2 3.7224537e-1
endloop
endfacet
facet normal -9.9998665e-1 -5.178724e-3 1.3732698e-5
outer loop
vertex 5.8050953e1 1.2543324e2 9.300001e-1
vertex 5.8045994e1 1.2638934e2 3.7224537e-1
vertex 5.8050945e1 1.2543324e2 3.744434e-1
endloop
endfacet
facet normal -9.940098e-1 -5.3987526e-3 -1.0915776e-1
outer loop
vertex 5.8050945e1 1.2543324e2 3.744434e-1
vertex 5.8045994e1 1.2638934e2 3.7224537e-1
vertex 5.8086872e1 1.2638934e2 4.172325e-7
endloop
endfacet
facet normal -9.9580777e-1 1.601222e-3 -9.1456585e-2
outer loop
vertex 5.8050945e1 1.2543324e2 3.744434e-1
vertex 5.8086872e1 1.2638934e2 4.172325e-7
vertex 5.8085335e1 1.2543324e2 -1.3411045e-7
endloop
endfacet
facet normal -9.549955e-7 5.7819346e-7 -1.0e0
outer loop
vertex 5.8085335e1 1.2543324e2 -1.3411045e-7
vertex 5.8086872e1 1.2638934e2 4.172325e-7
vertex 5.8461353e1 1.2638934e2 5.9604645e-8
endloop
endfacet
facet normal 5.1517435e-7 0.0e0 -1.0e0
outer loop
vertex 5.8085335e1 1.2543324e2 -1.3411045e-7
vertex 5.8461353e1 1.2638934e2 5.9604645e-8
vertex 5.8461353e1 1.2543324e2 5.9604645e-8
endloop
endfacet
facet normal -1.432464e-6 0.0e0 -9.9999994e-1
outer loop
vertex 6.191508e1 1.2543324e2 5.9604645e-8
vertex 6.191508e1 1.2638934e2 5.9604645e-8
vertex 6.228957e1 1.2638934e2 -4.7683716e-7
endloop
endfacet
facet normal 1.5978443e-7 -6.2365757e-7 -1.0e0
outer loop
vertex 6.191508e1 1.2543324e2 5.9604645e-8
vertex 6.228957e1 1.2638934e2 -4.7683716e-7
vertex 6.2288113e1 1.2543324e2 1.1920929e-7
endloop
endfacet
facet normal 9.940288e-1 -1.5150898e-3 -1.0910737e-1
outer loop
vertex 6.2288113e1 1.2543324e2 1.1920929e-7
vertex 6.228957e1 1.2638934e2 -4.7683716e-7
vertex 6.233043e1 1.2638934e2 3.7224978e-1
endloop
endfacet
facet normal 9.919221e-1 5.4400587e-3 -1.2673175e-1
outer loop
vertex 6.2288113e1 1.2543324e2 1.1920929e-7
vertex 6.233043e1 1.2638934e2 3.7224978e-1
vertex 6.233539e1 1.2543324e2 3.7002307e-1
endloop
endfacet
facet normal 9.9998647e-1 5.18675e-3 -6.839888e-6
outer loop
vertex 6.233539e1 1.2543324e2 3.7002307e-1
vertex 6.233043e1 1.2638934e2 3.7224978e-1
vertex 6.2330433e1 1.2638934e2 9.300001e-1
endloop
endfacet
facet normal 9.999865e-1 5.1827454e-3 -0.0e0
outer loop
vertex 6.233539e1 1.2543324e2 3.7002307e-1
vertex 6.2330433e1 1.2638934e2 9.300001e-1
vertex 6.233539e1 1.2543324e2 9.300001e-1
endloop
endfacet
facet normal -9.999865e-1 -5.178755e-3 0.0e0
outer loop
vertex 5.8045998e1 1.2638934e2 9.300001e-1
vertex 5.8041046e1 1.2734544e2 9.300001e-1
vertex 5.8041046e1 1.2734544e2 3.7002307e-1
endloop
endfacet
facet normal -9.999866e-1 -5.17475e-3 6.839289e-6
outer loop
vertex 5.8045998e1 1.2638934e2 9.300001e-1
vertex 5.8041046e1 1.2734544e2 3.7002307e-1
vertex 5.8045994e1 1.2638934e2 3.7224537e-1
endloop
endfacet
facet normal -9.919222e-1 -5.427601e-3 -1.2673175e-1
outer loop
vertex 5.8045994e1 1.2638934e2 3.7224537e-1
vertex 5.8041046e1 1.2734544e2 3.7002307e-1
vertex 5.808832e1 1.2734544e2 1.1920929e-7
endloop
endfacet
facet normal -9.9402314e-1 1.5070478e-3 -1.09159224e-1
outer loop
vertex 5.8045994e1 1.2638934e2 3.7224537e-1
vertex 5.808832e1 1.2734544e2 1.1920929e-7
vertex 5.8086872e1 1.2638934e2 4.172325e-7
endloop
endfacet
facet normal -1.5978443e-7 -3.114648e-7 -1.0e0
outer loop
vertex 5.8086872e1 1.2638934e2 4.172325e-7
vertex 5.808832e1 1.2734544e2 1.1920929e-7
vertex 5.8461353e1 1.2734544e2 5.9604645e-8
endloop
endfacet
facet normal -9.549955e-7 0.0e0 -1.0e0
outer loop
vertex 5.8086872e1 1.2638934e2 4.172325e-7
vertex 5.8461353e1 1.2734544e2 5.9604645e-8
vertex 5.8461353e1 1.2638934e2 5.9604645e-8
endloop
endfacet
facet normal 1.9814198e-7 0.0e0 -1.0e0
outer loop
vertex 6.191508e1 1.2638934e2 5.9604645e-8
vertex 6.191508e1 1.2734544e2 5.9604645e-8
vertex 6.2291103e1 1.2734544e2 1.3411045e-7
endloop
endfacet
facet normal -1.432464e-6 6.4129694e-7 -9.9999994e-1
outer loop
vertex 6.191508e1 1.2638934e2 5.9604645e-8
vertex 6.2291103e1 1.2734544e2 1.3411045e-7
vertex 6.228957e1 1.2638934e2 -4.7683716e-7
endloop
endfacet
facet normal 9.9581057e-1 -1.5971417e-3 -9.142564e-2
outer loop
vertex 6.228957e1 1.2638934e2 -4.7683716e-7
vertex 6.2291103e1 1.2734544e2 1.3411045e-7
vertex 6.232548e1 1.2734544e2 3.744468e-1
endloop
endfacet
facet normal 9.9401546e-1 5.39458e-3 -1.091059e-1
outer loop
vertex 6.228957e1 1.2638934e2 -4.7683716e-7
vertex 6.232548e1 1.2734544e2 3.744468e-1
vertex 6.233043e1 1.2638934e2 3.7224978e-1
endloop
endfacet
facet normal 9.9998665e-1 5.1747663e-3 0.0e0
outer loop
vertex 6.233043e1 1.2638934e2 3.7224978e-1
vertex 6.232548e1 1.2734544e2 3.744468e-1
vertex 6.232548e1 1.2734544e2 9.300001e-1
endloop
endfacet
facet normal 9.999866e-1 5.1787556e-3 -6.8393433e-6
outer loop
vertex 6.233043e1 1.2638934e2 3.7224978e-1
vertex 6.232548e1 1.2734544e2 9.300001e-1
vertex 6.2330433e1 1.2638934e2 9.300001e-1
endloop
endfacet
facet normal -9.999866e-1 -5.178756e-3 -1.3569998e-5
outer loop
vertex 5.8041046e1 1.2734544e2 9.300001e-1
vertex 5.8036095e1 1.2830154e2 9.300001e-1
vertex 5.8036102e1 1.2830154e2 3.6777353e-1
endloop
endfacet
facet normal -9.9998665e-1 -5.1707765e-3 -0.0e0
outer loop
vertex 5.8041046e1 1.2734544e2 9.300001e-1
vertex 5.8036102e1 1.2830154e2 3.6777353e-1
vertex 5.8041046e1 1.2734544e2 3.7002307e-1
endloop
endfacet
facet normal -9.8953396e-1 -5.455998e-3 -1.4419702e-1
outer loop
vertex 5.8041046e1 1.2734544e2 3.7002307e-1
vertex 5.8036102e1 1.2830154e2 3.6777353e-1
vertex 5.8089695e1 1.2830154e2 4.7683716e-7
endloop
endfacet
facet normal -9.9193585e-1 1.4248126e-3 -1.2673351e-1
outer loop
vertex 5.8041046e1 1.2734544e2 3.7002307e-1
vertex 5.8089695e1 1.2830154e2 4.7683716e-7
vertex 5.808832e1 1.2734544e2 1.1920929e-7
endloop
endfacet
facet normal -1.122624e-6 3.756609e-7 -1.0e0
outer loop
vertex 5.808832e1 1.2734544e2 1.1920929e-7
vertex 5.8089695e1 1.2830154e2 4.7683716e-7
vertex 5.8461353e1 1.2830154e2 5.9604645e-8
endloop
endfacet
facet normal -1.5978443e-7 0.0e0 -1.0e0
outer loop
vertex 5.808832e1 1.2734544e2 1.1920929e-7
vertex 5.8461353e1 1.2830154e2 5.9604645e-8
vertex 5.8461353e1 1.2734544e2 5.9604645e-8
endloop
endfacet
facet normal 7.496995e-7 0.0e0 -1.0e0
outer loop
vertex 6.191508e1 1.2734544e2 5.9604645e-8
vertex 6.191508e1 1.2830154e2 5.9604645e-8
vertex 6.229273e1 1.2830154e2 3.427267e-7
endloop
endfacet
facet normal 1.9814198e-7 2.1785814e-7 -1.0e0
outer loop
vertex 6.191508e1 1.2734544e2 5.9604645e-8
vertex 6.229273e1 1.2830154e2 3.427267e-7
vertex 6.2291103e1 1.2734544e2 1.3411045e-7
endloop
endfacet
facet normal 9.9728656e-1 -1.6950482e-3 -7.35973e-2
outer loop
vertex 6.2291103e1 1.2734544e2 1.3411045e-7
vertex 6.229273e1 1.2830154e2 3.427267e-7
vertex 6.2320522e1 1.2830154e2 3.7662384e-1
endloop
endfacet
facet normal 9.957975e-1 5.3731776e-3 -9.1424435e-2
outer loop
vertex 6.2291103e1 1.2734544e2 1.3411045e-7
vertex 6.2320522e1 1.2830154e2 3.7662384e-1
vertex 6.232548e1 1.2734544e2 3.744468e-1
endloop
endfacet
facet normal 9.9998647e-1 5.1867506e-3 -6.8939535e-6
outer loop
vertex 6.232548e1 1.2734544e2 3.744468e-1
vertex 6.2320522e1 1.2830154e2 3.7662384e-1
vertex 6.2320526e1 1.2830154e2 9.300001e-1
endloop
endfacet
facet normal 9.9998665e-1 5.182746e-3 -0.0e0
outer loop
vertex 6.232548e1 1.2734544e2 3.744468e-1
vertex 6.2320526e1 1.2830154e2 9.300001e-1
vertex 6.232548e1 1.2734544e2 9.300001e-1
endloop
endfacet
facet normal -9.9998665e-1 -5.1787556e-3 0.0e0
outer loop
vertex 5.8036095e1 1.2830154e2 9.300001e-1
vertex 5.8031143e1 1.2925764e2 9.300001e-1
vertex 5.8031143e1 1.2925764e2 3.654945e-1
endloop
endfacet
facet normal -9.999866e-1 -5.186768e-3 -1.3569782e-5
outer loop
vertex 5.8036095e1 1.2830154e2 9.300001e-1
vertex 5.8031143e1 1.2925764e2 3.654945e-1
vertex 5.8036102e1 1.2830154e2 3.6777353e-1
endloop
endfacet
facet normal -9.868438e-1 -5.503729e-3 -1.6158277e-1
outer loop
vertex 5.8036102e1 1.2830154e2 3.6777353e-1
vertex 5.8031143e1 1.2925764e2 3.654945e-1
vertex 5.809099e1 1.2925764e2 -1.937151e-7
endloop
endfacet
facet normal -9.895478e-1 1.3383195e-3 -1.4419904e-1
outer loop
vertex 5.8036102e1 1.2830154e2 3.6777353e-1
vertex 5.809099e1 1.2925764e2 -1.937151e-7
vertex 5.8089695e1 1.2830154e2 4.7683716e-7
endloop
endfacet
facet normal 6.839729e-7 -7.022659e-7 -9.9999994e-1
outer loop
vertex 5.8089695e1 1.2830154e2 4.7683716e-7
vertex 5.809099e1 1.2925764e2 -1.937151e-7
vertex 5.8461353e1 1.2925764e2 5.9604645e-8
endloop
endfacet
facet normal -1.122624e-6 0.0e0 -1.0e0
outer loop
vertex 5.8089695e1 1.2830154e2 4.7683716e-7
vertex 5.8461353e1 1.2925764e2 5.9604645e-8
vertex 5.8461353e1 1.2830154e2 5.9604645e-8
endloop
endfacet
facet normal -2.0425864e-6 0.0e0 -1.0e0
outer loop
vertex 6.191508e1 1.2830154e2 5.9604645e-8
vertex 6.191508e1 1.2925764e2 5.9604645e-8
vertex 6.2294434e1 1.2925764e2 -7.1525574e-7
endloop
endfacet
facet normal 7.496995e-7 -1.107897e-6 -1.0e0
outer loop
vertex 6.191508e1 1.2830154e2 5.9604645e-8
vertex 6.2294434e1 1.2925764e2 -7.1525574e-7
vertex 6.229273e1 1.2830154e2 3.427267e-7
endloop
endfacet
facet normal 9.984444e-1 -1.7807501e-3 -5.572888e-2
outer loop
vertex 6.229273e1 1.2830154e2 3.427267e-7
vertex 6.2294434e1 1.2925764e2 -7.1525574e-7
vertex 6.2315575e1 1.2925764e2 3.7876457e-1
endloop
endfacet
facet normal 9.97274e-1 5.32551e-3 -7.359635e-2
outer loop
vertex 6.229273e1 1.2830154e2 3.427267e-7
vertex 6.2315575e1 1.2925764e2 3.7876457e-1
vertex 6.2320522e1 1.2830154e2 3.7662384e-1
endloop
endfacet
facet normal 9.999865e-1 5.174765e-3 0.0e0
outer loop
vertex 6.2320522e1 1.2830154e2 3.7662384e-1
vertex 6.2315575e1 1.2925764e2 3.7876457e-1
vertex 6.2315575e1 1.2925764e2 9.300001e-1
endloop
endfacet
facet normal 9.999866e-1 5.1787556e-3 -6.893403e-6
outer loop
vertex 6.2320522e1 1.2830154e2 3.7662384e-1
vertex 6.2315575e1 1.2925764e2 9.300001e-1
vertex 6.2320526e1 1.2830154e2 9.300001e-1
endloop
endfacet
facet normal -9.999866e-1 -5.1829126e-3 0.0e0
outer loop
vertex 5.8031143e1 1.2925764e2 3.654945e-1
vertex 5.8031143e1 1.2925764e2 9.300001e-1
vertex 5.8030266e1 1.2942693e2 9.300001e-1
endloop
endfacet
facet normal -6.6144e-3 9.9997807e-1 1.8530298e-5
outer loop
vertex 5.814762e1 1.2954895e2 9.300001e-1
vertex 5.8461353e1 1.2955103e2 9.300001e-1
vertex 5.8461353e1 1.2955104e2 1.0656736e-1
endloop
endfacet
facet normal -7.1924273e-3 9.9997413e-1 -2.0171111e-4
outer loop
vertex 5.814762e1 1.2954895e2 9.300001e-1
vertex 5.8461353e1 1.2955104e2 1.0656736e-1
vertex 5.8071564e1 1.2954828e2 3.1361455e-1
endloop
endfacet
facet normal -4.4841602e-1 3.0514953e-1 -8.4012306e-1
outer loop
vertex 5.8461353e1 1.2955104e2 1.0656736e-1
vertex 5.8461353e1 1.2925764e2 5.9604645e-8
vertex 5.8071564e1 1.2954828e2 3.1361455e-1
endloop
endfacet
facet normal 4.649121e-7 7.33469e-1 -6.797229e-1
outer loop
vertex 5.8461353e1 1.2925764e2 5.9604645e-8
vertex 5.809099e1 1.2925764e2 -1.937151e-7
vertex 5.8071564e1 1.2954828e2 3.1361455e-1
endloop
endfacet
facet normal -9.811108e-1 1.0777403e-1 -1.6064405e-1
outer loop
vertex 5.809099e1 1.2925764e2 -1.937151e-7
vertex 5.8031143e1 1.2925764e2 3.654945e-1
vertex 5.8071564e1 1.2954828e2 3.1361455e-1
endloop
endfacet
facet normal -9.906122e-1 1.305104e-1 -4.0676434e-2
outer loop
vertex 5.8031143e1 1.2925764e2 3.654945e-1
vertex 5.8030266e1 1.2942693e2 9.300001e-1
vertex 5.8071564e1 1.2954828e2 3.1361455e-1
endloop
endfacet
facet normal -7.179759e-1 6.9050306e-1 8.784082e-2
outer loop
vertex 5.8030266e1 1.2942693e2 9.300001e-1
vertex 5.814762e1 1.2954895e2 9.300001e-1
vertex 5.8071564e1 1.2954828e2 3.1361455e-1
endloop
endfacet
facet normal -6.573952e-3 9.999784e-1 0.0e0
outer loop
vertex 5.8461353e1 1.2955103e2 9.300001e-1
vertex 5.9324783e1 1.295567e2 9.300001e-1
vertex 5.9324783e1 1.295567e2 1.0120037e-1
endloop
endfacet
facet normal -6.556166e-3 9.999786e-1 1.8530309e-5
outer loop
vertex 5.8461353e1 1.2955103e2 9.300001e-1
vertex 5.9324783e1 1.295567e2 1.0120037e-1
vertex 5.8461353e1 1.2955104e2 1.0656736e-1
endloop
endfacet
facet normal -7.989261e-3 3.2053196e-1 -9.47204e-1
outer loop
vertex 5.8461353e1 1.2955104e2 1.0656736e-1
vertex 5.9324783e1 1.295567e2 1.0120037e-1
vertex 5.9324783e1 1.2925764e2 5.9604645e-8
endloop
endfacet
facet normal 0.0e0 3.4139737e-1 -9.39919e-1
outer loop
vertex 5.8461353e1 1.2955104e2 1.0656736e-1
vertex 5.9324783e1 1.2925764e2 5.9604645e-8
vertex 5.8461353e1 1.2925764e2 5.9604645e-8
endloop
endfacet
facet normal -6.573922e-3 9.9997836e-1 0.0e0
outer loop
vertex 5.9324783e1 1.295567e2 9.300001e-1
vertex 6.0188217e1 1.2956238e2 9.300001e-1
vertex 6.0188217e1 1.2956238e2 9.566615e-2
endloop
endfacet
facet normal -6.5739225e-3 9.999784e-1 0.0e0
outer loop
vertex 5.9324783e1 1.295567e2 9.300001e-1
vertex 6.0188217e1 1.2956238e2 9.566615e-2
vertex 5.9324783e1 1.295567e2 1.0120037e-1
endloop
endfacet
facet normal -8.084095e-3 2.9951125e-1 -9.540585e-1
outer loop
vertex 5.9324783e1 1.295567e2 1.0120037e-1
vertex 6.0188217e1 1.2956238e2 9.566615e-2
vertex 6.0188217e1 1.2925764e2 5.9604645e-8
endloop
endfacet
facet normal 0.0e0 3.2054225e-1 -9.472342e-1
outer loop
vertex 5.9324783e1 1.295567e2 1.0120037e-1
vertex 6.0188217e1 1.2925764e2 5.9604645e-8
vertex 5.9324783e1 1.2925764e2 5.9604645e-8
endloop
endfacet
facet normal -6.5562516e-3 9.9997854e-1 0.0e0
outer loop
vertex 6.0188217e1 1.2956238e2 9.300001e-1
vertex 6.105165e1 1.2956804e2 9.300001e-1
vertex 6.105165e1 1.2956804e2 9.001333e-2
endloop
endfacet
facet normal -6.556251e-3 9.999784e-1 0.0e0
outer loop
vertex 6.0188217e1 1.2956238e2 9.300001e-1
vertex 6.105165e1 1.2956804e2 9.001333e-2
vertex 6.0188217e1 1.2956238e2 9.566615e-2
endloop
endfacet
facet normal -8.113668e-3 2.7851224e-1 -9.6039844e-1
outer loop
vertex 6.0188217e1 1.2956238e2 9.566615e-2
vertex 6.105165e1 1.2956804e2 9.001333e-2
vertex 6.105165e1 1.2925764e2 5.9604645e-8
endloop
endfacet
facet normal 0.0e0 2.9952103e-1 -9.5408964e-1
outer loop
vertex 6.0188217e1 1.2956238e2 9.566615e-2
vertex 6.105165e1 1.2925764e2 5.9604645e-8
vertex 6.0188217e1 1.2925764e2 5.9604645e-8
endloop
endfacet
facet normal -6.573951e-3 9.999784e-1 0.0e0
outer loop
vertex 6.105165e1 1.2956804e2 9.300001e-1
vertex 6.191508e1 1.2957372e2 9.300001e-1
vertex 6.191508e1 1.2957372e2 8.419089e-2
endloop
endfacet
facet normal -6.573952e-3 9.999784e-1 0.0e0
outer loop
vertex 6.105165e1 1.2956804e2 9.300001e-1
vertex 6.191508e1 1.2957372e2 8.419089e-2
vertex 6.105165e1 1.2956804e2 9.001333e-2
endloop
endfacet
facet normal -8.208028e-3 2.5738385e-1 -9.6627444e-1
outer loop
vertex 6.105165e1 1.2956804e2 9.001333e-2
vertex 6.191508e1 1.2957372e2 8.419089e-2
vertex 6.191508e1 1.2925764e2 5.9604645e-8
endloop
endfacet
facet normal 0.0e0 2.7852145e-1 -9.604301e-1
outer loop
vertex 6.105165e1 1.2956804e2 9.001333e-2
vertex 6.191508e1 1.2925764e2 5.9604645e-8
vertex 6.105165e1 1.2925764e2 5.9604645e-8
endloop
endfacet
facet normal -6.539777e-3 9.9997866e-1 0.0e0
outer loop
vertex 6.191508e1 1.2957372e2 8.419089e-2
vertex 6.191508e1 1.2957372e2 9.300001e-1
vertex 6.2241726e1 1.2957585e2 9.300001e-1
endloop
endfacet
facet normal 9.9998665e-1 5.1707737e-3 0.0e0
outer loop
vertex 6.231471e1 1.2942511e2 9.300001e-1
vertex 6.2315575e1 1.2925764e2 9.300001e-1
vertex 6.2315575e1 1.2925764e2 3.7876457e-1
endloop
endfacet
facet normal 9.811483e-1 1.8533517e-1 -5.476349e-2
outer loop
vertex 6.231471e1 1.2942511e2 9.300001e-1
vertex 6.2315575e1 1.2925764e2 3.7876457e-1
vertex 6.2294434e1 1.2925764e2 -7.1525574e-7
endloop
endfacet
facet normal 9.961751e-1 7.959474e-2 -3.6050417e-2
outer loop
vertex 6.231471e1 1.2942511e2 9.300001e-1
vertex 6.2294434e1 1.2925764e2 -7.1525574e-7
vertex 6.227999e1 1.2957619e2 3.0421495e-1
endloop
endfacet
facet normal -1.4771633e-6 6.906567e-1 -7.231828e-1
outer loop
vertex 6.2294434e1 1.2925764e2 -7.1525574e-7
vertex 6.191508e1 1.2925764e2 5.9604645e-8
vertex 6.227999e1 1.2957619e2 3.0421495e-1
endloop
endfacet
facet normal 5.0229716e-1 2.2256601e-1 -8.3556086e-1
outer loop
vertex 6.191508e1 1.2925764e2 5.9604645e-8
vertex 6.191508e1 1.2957372e2 8.419089e-2
vertex 6.227999e1 1.2957619e2 3.0421495e-1
endloop
endfacet
facet normal -6.8449727e-3 9.999766e-1 1.1786957e-4
outer loop
vertex 6.191508e1 1.2957372e2 8.419089e-2
vertex 6.2241726e1 1.2957585e2 9.300001e-1
vertex 6.227999e1 1.2957619e2 3.0421495e-1
endloop
endfacet
facet normal 8.9868623e-1 4.351064e-1 5.5185862e-2
outer loop
vertex 6.2241726e1 1.2957585e2 9.300001e-1
vertex 6.231471e1 1.2942511e2 9.300001e-1
vertex 6.227999e1 1.2957619e2 3.0421495e-1
endloop
endfacet
facet normal 0.0e0 -1.0e0 0.0e0
outer loop
vertex 5.8082e1 1.2352104e2 9.3e0
vertex 5.8060856e1 1.2352104e2 8.921237e0
vertex 5.8060856e1 1.2352104e2 8.370001e0
endloop
endfacet
facet normal -9.997282e-1 -5.191966e-3 2.2730252e-2
outer loop
vertex 5.8082e1 1.2352104e2 9.3e0
vertex 5.8060856e1 1.2352104e2 8.370001e0
vertex 5.8061726e1 1.2335357e2 8.370001e0
endloop
endfacet
facet normal 6.5393187e-3 -9.9997866e-1 9.019969e-6
outer loop
vertex 5.8134686e1 1.2320282e2 8.370001e0
vertex 5.8461353e1 1.23204956e2 8.370001e0
vertex 5.8461353e1 1.2320496e2 9.2158165e0
endloop
endfacet
facet normal 7.052707e-3 -9.99975e-1 -1.8926813e-4
outer loop
vertex 5.8134686e1 1.2320282e2 8.370001e0
vertex 5.8461353e1 1.2320496e2 9.2158165e0
vertex 5.8096302e1 1.2320243e2 8.995473e0
endloop
endfacet
facet normal -5.026737e-1 -2.2248706e-1 8.3535546e-1
outer loop
vertex 5.8461353e1 1.2320496e2 9.2158165e0
vertex 5.8461353e1 1.2352104e2 9.3e0
vertex 5.8096302e1 1.2320243e2 8.995473e0
endloop
endfacet
facet normal 0.0e0 -6.909486e-1 7.2290385e-1
outer loop
vertex 5.8461353e1 1.2352104e2 9.3e0
vertex 5.8082e1 1.2352104e2 9.3e0
vertex 5.8096302e1 1.2320243e2 8.995473e0
endloop
endfacet
facet normal -9.962188e-1 -7.908784e-2 3.5960793e-2
outer loop
vertex 5.8082e1 1.2352104e2 9.3e0
vertex 5.8061726e1 1.2335357e2 8.370001e0
vertex 5.8096302e1 1.2320243e2 8.995473e0
endloop
endfacet
facet normal -8.9873654e-1 -4.349723e-1 -5.5423554e-2
outer loop
vertex 5.8061726e1 1.2335357e2 8.370001e0
vertex 5.8134686e1 1.2320282e2 8.370001e0
vertex 5.8096302e1 1.2320243e2 8.995473e0
endloop
endfacet
facet normal 6.573951e-3 -9.9997836e-1 -9.082775e-6
outer loop
vertex 5.8461353e1 1.23204956e2 8.370001e0
vertex 5.9324783e1 1.2321063e2 8.370001e0
vertex 5.9324783e1 1.23210625e2 9.210001e0
endloop
endfacet
facet normal 6.55634e-3 -9.999784e-1 9.019967e-6
outer loop
vertex 5.8461353e1 1.23204956e2 8.370001e0
vertex 5.9324783e1 1.23210625e2 9.210001e0
vertex 5.8461353e1 1.2320496e2 9.2158165e0
endloop
endfacet
facet normal 8.294381e-3 -2.784527e-1 9.6041423e-1
outer loop
vertex 5.8461353e1 1.2320496e2 9.2158165e0
vertex 5.9324783e1 1.23210625e2 9.210001e0
vertex 5.9324783e1 1.2352104e2 9.3e0
endloop
endfacet
facet normal 0.0e0 -2.5736627e-1 9.663139e-1
outer loop
vertex 5.8461353e1 1.2320496e2 9.2158165e0
vertex 5.9324783e1 1.2352104e2 9.3e0
vertex 5.8461353e1 1.2352104e2 9.3e0
endloop
endfacet
facet normal 6.565087e-3 -9.9997854e-1 0.0e0
outer loop
vertex 5.9324783e1 1.2321063e2 8.370001e0
vertex 6.0188217e1 1.232163e2 8.370001e0
vertex 6.0188217e1 1.232163e2 9.2043295e0
endloop
endfacet
facet normal 6.5738633e-3 -9.999785e-1 -9.082415e-6
outer loop
vertex 5.9324783e1 1.2321063e2 8.370001e0
vertex 6.0188217e1 1.232163e2 9.2043295e0
vertex 5.9324783e1 1.23210625e2 9.210001e0
endloop
endfacet
facet normal 8.235797e-3 -2.9951724e-1 9.5405537e-1
outer loop
vertex 5.9324783e1 1.23210625e2 9.210001e0
vertex 6.0188217e1 1.232163e2 9.2043295e0
vertex 6.0188217e1 1.2352104e2 9.3e0
endloop
endfacet
facet normal 0.0e0 -2.7846232e-1 9.604472e-1
outer loop
vertex 5.9324783e1 1.23210625e2 9.210001e0
vertex 6.0188217e1 1.2352104e2 9.3e0
vertex 5.9324783e1 1.2352104e2 9.3e0
endloop
endfacet
facet normal 6.5739225e-3 -9.999784e-1 -1.8409855e-5
outer loop
vertex 6.0188217e1 1.232163e2 8.370001e0
vertex 6.105165e1 1.2322198e2 8.370001e0
vertex 6.105165e1 1.2322196e2 9.198821e0
endloop
endfacet
facet normal 6.556251e-3 -9.9997854e-1 0.0e0
outer loop
vertex 6.0188217e1 1.232163e2 8.370001e0
vertex 6.105165e1 1.2322196e2 9.198821e0
vertex 6.0188217e1 1.232163e2 9.2043295e0
endloop
endfacet
facet normal 8.144011e-3 -3.2044938e-1 9.4723064e-1
outer loop
vertex 6.0188217e1 1.232163e2 9.2043295e0
vertex 6.105165e1 1.2322196e2 9.198821e0
vertex 6.105165e1 1.2352104e2 9.3e0
endloop
endfacet
facet normal 0.0e0 -2.9952738e-1 9.5408773e-1
outer loop
vertex 6.0188217e1 1.232163e2 9.2043295e0
vertex 6.105165e1 1.2352104e2 9.3e0
vertex 6.0188217e1 1.2352104e2 9.3e0
endloop
endfacet
facet normal 6.5651154e-3 -9.9997836e-1 0.0e0
outer loop
vertex 6.105165e1 1.2322198e2 8.370001e0
vertex 6.191508e1 1.23227646e2 8.370001e0
vertex 6.191508e1 1.23227646e2 9.193429e0
endloop
endfacet
facet normal 6.582672e-3 -9.9997836e-1 -1.8409854e-5
outer loop
vertex 6.105165e1 1.2322198e2 8.370001e0
vertex 6.191508e1 1.23227646e2 9.193429e0
vertex 6.105165e1 1.2322196e2 9.198821e0
endloop
endfacet
facet normal 8.11692e-3 -3.413972e-1 9.3988407e-1
outer loop
vertex 6.105165e1 1.2322196e2 9.198821e0
vertex 6.191508e1 1.23227646e2 9.193429e0
